7391
1377
1132
1132
1132
1132
1132
1132
1132
1132
1132
1304
1304
256
256
1132
1132
1132
256
256
1132
1
1
1
1
2
2
2
2
3
3
3
3
4
4
4
5
1132
257
257
257
257
258
258
258
258
259
259
259
260
260
260
261
261
261
261
262
262
262
263
263
263
264
264
1133
1133
1133
1133
1133
5
5
264
264
265
265
1133
1133
1133
5
1304
265
1304
1305
1305
1467
1305
1305
1306
1306
1306
1306
1307
1307
1307
1467
1308
1308
1308
1309
1309
1309
1309
1133
1377
1378
1378
1378
1378
1378
1378
1378
1378
1379
1379
1379
1379
6
6
6
1133
1133
6
7
7
7
8
8
8
8
9
9
9
9
10
1310
10
10
10
11
1310
1311
1311
265
266
11
266
266
266
267
267
11
267
11
1133
268
12
1311
1311
12
12
1380
1380
1380
1380
1380
1380
1380
1381
1381
1382
1382
1382
1383
1384
1384
1384
1384
1385
1385
268
12
268
268
269
269
269
13
1133
269
1385
270
270
270
271
271
271
271
1133
13
13
13
272
14
14
272
273
273
273
273
1311
1311
1311
14
14
15
15
15
16
16
17
17
17
17
18
18
18
18
21
21
1312
274
274
274
274
22
22
22
275
275
275
275
23
23
24
276
276
276
276
277
277
277
278
278
278
278
279
279
279
279
280
280
280
280
1386
1386
1463
1312
1312
1312
1313
1313
1313
1313
1313
1313
1313
1313
1314
281
281
282
282
282
282
283
1386
1133
1134
1134
1134
1134
1134
1467
1134
1134
1134
1134
1134
1134
1134
1134
1134
283
283
284
284
284
284
287
287
1134
1134
1135
1387
1388
1388
1388
287
288
1388
1389
1389
1389
1390
1390
288
288
1390
1391
1135
1135
1135
1135
1135
1135
289
1391
1392
1392
1392
1393
1393
1393
1394
1394
1395
1395
1395
1395
1396
1396
1397
1397
1397
1397
1398
1398
1399
1399
1400
1400
1400
1401
1401
1401
1404
1404
1404
1404
1404
1404
1404
1404
1404
1404
1404
1404
1404
1404
1405
1405
1405
1405
1405
1405
1405
1405
1405
1405
289
289
289
290
1135
290
1314
290
24
24
24
1135
1135
290
25
1135
291
291
291
1469
1470
1467
292
292
292
25
1314
1135
1467
1135
1315
292
293
1468
1468
1468
1466
293
1470
293
294
1135
294
294
1315
1138
294
295
295
295
25
1138
1470
1138
1470
1138
1138
295
296
1138
1138
296
296
296
297
1138
1138
297
297
297
298
298
1138
298
25
1138
298
299
1470
1470
299
1315
26
299
300
300
1138
300
300
26
301
1468
1315
26
301
301
26
1471
301
1405
27
27
1138
1138
1138
1139
1405
302
302
302
1471
302
303
303
303
303
1315
1315
1315
1316
1316
1405
1139
1139
1139
1140
1140
1140
1405
1405
1406
1406
1406
1406
1406
1140
1140
1140
1140
1140
1140
1316
27
304
304
305
305
305
1140
1140
1140
1140
1141
1141
27
28
28
1466
305
306
306
306
306
307
307
307
307
308
308
308
308
309
309
309
310
310
310
310
1141
1142
311
1463
1142
311
311
312
312
312
312
314
314
1142
1142
1142
1142
314
314
315
315
1406
315
1142
1142
1471
1142
1142
1142
316
316
1142
1142
1142
1142
316
316
317
317
317
318
318
318
318
1142
1143
319
319
319
320
320
1143
320
320
321
321
321
321
322
1144
322
322
322
323
323
325
325
325
325
326
326
1471
326
327
328
328
1144
1144
1144
1144
1144
1144
1144
1144
1144
1144
1317
1317
1317
1317
1317
1317
1317
1317
28
1144
1144
1144
328
1145
1145
1145
1145
1145
1145
1145
1145
328
1146
1146
329
28
29
1146
1146
1146
1146
1147
1147
1147
1147
1147
329
329
330
1147
1148
330
330
331
1471
1471
331
331
331
332
332
332
333
333
333
333
334
334
334
334
335
335
335
335
336
336
336
336
337
337
337
337
338
338
1471
338
339
339
339
340
1148
1148
1148
340
340
340
341
341
29
29
30
30
341
342
342
342
342
343
343
343
343
344
344
344
344
345
345
345
346
346
346
347
347
347
347
348
348
348
349
349
349
1148
349
350
350
1148
1148
30
1149
1149
1149
1149
1149
1150
1150
1463
1150
1150
1150
1150
1150
1151
1151
1151
1151
1152
1152
350
350
30
31
31
31
31
32
1406
32
33
33
33
33
34
34
34
35
35
35
36
36
351
36
351
351
351
1152
352
352
352
353
353
353
354
1152
1152
354
354
354
355
355
355
356
356
356
356
357
357
357
357
36
1406
1406
1406
1406
1406
1406
1317
1152
1152
1153
1153
1153
1153
1468
1153
358
358
358
1317
358
359
359
359
359
360
360
360
360
363
364
364
364
364
365
365
365
366
366
366
366
367
1153
1153
1153
1154
1154
1406
1406
1407
1407
1407
1407
367
37
37
367
368
368
368
368
369
369
369
369
370
370
370
371
371
371
372
372
372
372
373
373
1407
1407
1407
1407
1407
1407
1407
1407
1317
1317
1317
1317
1318
1318
1319
373
374
374
374
374
1154
375
375
375
375
376
376
376
376
377
377
377
1154
1155
1155
1156
1156
1156
377
378
378
378
378
1319
1407
1407
37
37
38
38
379
379
379
379
380
380
380
381
381
1319
1319
38
38
39
1319
381
1156
1156
1156
381
382
382
382
1156
1156
382
383
383
39
383
1156
1156
1156
1156
1156
1156
1156
1157
383
384
1407
384
384
384
385
1157
1157
1158
385
385
1319
1319
1319
385
386
386
386
386
387
387
387
387
388
388
389
389
389
389
390
390
390
390
391
391
391
39
39
1407
1319
1319
1319
1319
1319
1319
1319
1320
1320
1320
1321
1321
1321
1321
1158
391
392
392
1158
1158
1158
392
393
1158
40
40
40
41
41
41
41
42
42
1158
1158
1158
1158
393
393
393
394
394
394
394
1158
1158
1158
1158
1160
42
42
1321
395
395
395
396
396
396
43
396
397
397
397
1160
1160
397
398
401
401
1160
401
1160
1160
1160
1160
1160
1160
1160
401
402
402
403
403
403
403
404
404
404
404
405
405
405
405
406
406
406
406
407
1408
1321
1321
1321
1321
43
1466
43
43
1466
44
1161
1161
1161
1161
1408
1408
1408
1408
1162
1162
1162
1162
1162
1162
407
1162
1162
1162
1162
1162
1162
1162
1162
1163
1163
1163
1163
1164
1164
407
407
408
408
408
408
409
409
409
410
410
410
410
44
44
45
45
45
45
46
411
411
411
412
412
412
413
413
413
413
414
414
414
415
415
415
415
416
416
416
416
417
417
418
418
418
418
419
419
419
420
420
420
1164
420
421
421
421
422
1408
1408
1408
1408
1408
1408
1408
1408
1408
1408
1408
1409
1409
1409
1409
1409
1409
1409
1409
1409
1409
1409
1409
1409
422
1164
1164
1164
1164
1409
1164
1164
1164
1164
1164
422
1164
1164
1165
1165
1165
422
1165
423
423
424
424
1166
1166
1166
1166
1166
424
424
425
1166
1166
1166
1166
1166
1166
1166
1166
1166
1166
1166
1167
1167
1167
1167
1168
1168
1168
1168
1168
1168
1168
1168
1168
1168
46
46
425
425
1168
1168
1168
1168
1168
1169
1169
1169
1170
1170
1170
1170
1321
1321
1321
426
426
426
426
427
427
427
427
428
428
428
429
429
429
430
1471
430
430
430
1170
1409
431
431
1410
1410
1410
1410
46
47
47
47
48
48
1170
431
1410
1410
1410
1410
1410
1410
1410
1410
1410
1410
1410
1410
1411
1411
1411
1411
1411
1411
1411
1411
1411
1411
1411
1411
1411
1411
1170
1170
1170
1170
431
431
431
431
432
432
432
432
433
48
433
1170
1170
1170
1321
1321
1321
1322
1322
1323
1323
1323
1170
433
1170
1170
1171
1171
1171
1171
1172
1172
1172
1172
1172
1172
1172
1172
1172
1172
1172
1172
1172
433
433
433
433
434
1411
1411
434
434
49
1412
1172
49
1172
49
434
435
49
1173
50
50
50
50
51
51
51
51
1173
1173
1173
1176
435
1412
1412
435
436
436
1412
52
52
52
1176
1176
1176
436
436
439
439
439
439
440
440
440
1176
1176
1464
1176
1176
1176
440
441
441
441
1471
1471
441
441
441
441
441
442
442
443
443
443
443
443
443
443
444
444
444
444
445
445
445
445
445
52
53
53
53
1323
53
1323
1323
54
1323
1323
1323
54
54
54
445
445
446
446
446
446
447
447
447
447
447
447
447
1176
1176
448
1176
448
448
448
449
1471
449
1471
449
449
449
449
449
449
450
450
450
450
451
451
451
452
452
452
452
453
453
453
453
454
454
454
455
455
455
456
1176
1176
1176
1177
1177
1177
1177
1177
1177
1323
1323
1323
1323
1323
1323
1324
1324
1177
456
1177
456
456
1177
1177
1177
1177
1177
457
1177
1178
1178
1178
1178
457
457
457
1178
1178
458
1178
1178
458
458
458
459
1178
55
1178
1324
1325
1325
1325
1325
1325
1325
1325
1325
1325
1325
1325
1325
1325
55
55
56
56
56
459
459
459
460
460
460
56
59
59
59
1325
1325
1325
460
461
461
59
60
60
60
461
461
462
462
462
462
463
463
463
464
464
465
1471
465
465
466
466
466
466
467
467
467
467
468
468
468
469
469
469
469
470
470
470
470
471
471
471
1178
1178
471
472
472
472
473
473
473
474
474
474
477
477
477
478
478
478
478
479
479
479
1471
1471
479
1472
480
480
480
480
481
481
481
481
1328
1328
1328
1328
1328
1328
1328
1328
61
1468
1178
482
482
482
483
483
483
483
483
483
483
483
484
484
484
485
485
485
485
485
61
61
485
486
61
486
486
486
487
487
487
487
487
487
487
487
488
488
488
488
1328
1328
1328
1328
1328
1328
1329
1329
1329
1329
1178
1178
1178
1179
1179
1179
1179
1179
1329
1329
489
489
489
489
489
489
489
1179
1179
1179
490
490
490
490
62
62
62
62
63
63
63
63
64
64
64
65
65
65
66
66
66
66
67
1179
491
491
491
491
491
491
492
492
492
492
493
493
493
493
494
494
494
495
495
495
495
496
496
496
496
497
1179
67
67
497
497
1179
498
498
1179
1179
1179
1329
1329
1329
1329
1329
1329
1329
1329
1330
1330
1330
1330
1330
1330
1330
1330
1330
1330
1330
1330
1180
1180
1330
1412
1412
1412
1412
1412
1412
1412
1412
68
1180
68
68
498
1180
68
69
1330
69
69
70
70
70
70
71
1330
1330
1412
499
499
71
499
71
500
500
500
500
501
1180
1331
1331
72
1412
1412
1413
1413
1413
1413
1413
1413
1413
1413
1413
1413
501
501
502
502
502
502
1180
72
502
72
502
502
502
503
503
503
503
504
1180
504
504
1180
504
504
72
73
73
73
74
74
1180
74
75
75
504
1331
505
505
505
505
506
506
506
1331
1332
1332
75
76
76
76
77
77
77
506
78
78
78
78
79
79
80
506
506
506
506
80
80
81
81
81
82
82
507
82
507
507
82
83
507
508
508
508
508
508
508
508
508
509
509
509
509
510
510
510
510
510
1332
1332
1332
1332
1332
1332
1332
1332
1180
510
511
511
511
511
512
512
512
512
515
515
515
1180
1180
1180
1180
1180
1181
1181
1181
1181
515
516
516
516
516
1182
1413
1413
1413
1413
517
1413
1414
1182
1414
1414
517
1414
1414
1414
1414
1182
1182
1182
1414
1414
1414
1414
1414
1414
1414
1414
1415
1415
1415
1415
1415
1415
1415
1415
1415
1415
1415
1415
1415
1415
1415
1415
1416
1416
1416
1416
1416
1416
1416
1416
1416
1416
1416
1416
1416
1416
1416
1417
1417
1417
1417
1417
1417
1417
1417
1417
1417
1417
1417
1417
1417
1417
1417
1418
1418
1418
1418
1418
1418
1182
517
1182
1182
1182
518
518
1182
518
1182
1182
1468
518
1182
1472
1332
83
1183
519
519
519
1183
1332
83
1466
1183
1183
519
1472
83
1332
1332
520
1184
520
520
1184
520
1467
521
521
1184
1184
1184
522
1332
1184
1466
1332
1184
1184
1184
522
1184
522
1333
522
523
1333
523
1473
1473
1184
523
1184
523
524
524
524
524
1184
1184
525
525
525
525
1184
1184
526
526
526
1185
1473
84
526
527
1468
1185
1185
527
1185
527
1469
1418
1418
84
1418
1418
1418
1418
84
1185
1185
527
528
528
1418
528
528
529
529
529
1473
529
530
530
531
1333
1333
1334
1334
1334
1334
1334
85
1185
1185
1185
1185
1185
1185
1185
1185
1185
1186
1186
1186
1186
1186
1186
1186
1186
1334
85
532
532
532
1186
1186
85
85
86
1467
1467
533
533
1186
1464
1334
533
534
534
534
535
535
535
535
535
535
535
535
535
535
535
535
535
535
535
1186
1186
1186
1186
1187
1187
1187
1187
1187
536
1187
536
536
537
537
537
537
537
1187
1187
1187
537
1187
1187
1187
537
1418
537
1187
1187
1188
1188
1188
537
537
537
1188
1188
1188
1188
537
537
537
537
1188
1188
1188
1188
1188
537
538
538
538
539
539
539
540
540
540
540
541
541
541
541
1188
542
542
542
1188
543
543
543
543
1189
544
544
544
544
545
545
545
546
546
546
546
547
1189
1189
1189
1189
1189
1189
1189
1189
1189
1465
1189
1334
1334
1334
1334
1334
1334
1335
1335
86
1189
1189
1189
547
547
1465
1189
1189
1190
1190
1190
1190
1190
1190
1190
548
548
549
549
86
86
549
549
1190
1190
1190
1190
1190
1190
1190
1190
1191
1193
1193
550
550
550
553
1473
1473
553
553
554
554
554
554
555
555
555
556
556
556
556
557
557
557
557
558
558
558
558
559
559
559
560
560
560
1335
1195
560
561
1195
87
87
87
561
561
561
562
562
562
563
563
563
563
564
564
564
564
565
565
565
565
566
566
566
566
567
567
567
568
568
568
568
569
569
569
569
570
570
570
570
571
1195
1195
1195
1195
1195
1195
1195
1195
1195
1195
1419
1419
1195
1195
1196
1196
1196
1196
1196
1196
571
571
1336
1336
88
88
88
88
89
89
89
89
90
90
90
90
1336
572
572
91
91
91
91
92
92
92
92
93
572
572
573
573
573
573
574
574
575
1196
575
93
93
93
94
94
575
576
576
576
576
577
577
577
578
578
578
579
579
1196
579
579
580
580
580
581
581
581
582
582
1419
1420
1420
1420
1420
1420
1336
1336
1196
1196
1196
1196
1196
1196
1197
582
583
583
583
94
583
584
584
1197
1197
584
585
585
585
585
586
586
586
586
587
587
587
588
588
588
588
1197
1197
1197
1197
591
591
591
1420
1420
1197
591
94
97
97
97
97
98
98
592
592
592
592
593
593
593
593
594
594
594
594
595
595
595
595
596
596
596
596
597
597
597
597
1420
1420
1420
1420
1420
1420
1420
1420
1421
1421
1336
1336
598
598
598
598
1197
599
599
599
600
600
600
600
601
601
602
602
602
602
603
1197
603
603
603
603
603
603
1197
1197
1198
1198
1421
1421
1422
98
98
99
99
100
100
100
100
101
101
101
101
102
103
103
103
603
603
603
603
1336
1336
1336
103
104
603
1336
1198
1198
1198
1198
1198
1198
603
603
1198
1198
1198
603
603
604
604
1198
1198
1198
604
605
605
605
605
605
104
104
105
105
1336
605
105
1198
105
106
106
1336
1336
1336
1336
605
605
605
605
605
605
605
605
605
605
606
606
607
607
607
607
608
608
608
608
609
609
609
609
610
610
610
610
611
611
611
106
1422
1337
1337
1337
1337
1338
1338
1338
1338
1338
1338
1338
1338
1338
1338
1338
1338
1199
1199
1464
611
612
612
1466
107
107
107
107
108
108
1199
1422
612
1199
612
613
613
613
613
614
614
1199
1199
1199
1199
614
614
615
615
615
615
616
616
616
617
1199
617
617
617
618
618
618
1199
619
619
1199
1199
619
619
620
620
620
621
621
621
621
622
1473
622
623
623
623
623
624
624
624
624
625
625
625
626
626
626
626
1422
108
108
109
1199
1199
1422
1200
1200
1200
1200
1200
629
1200
1200
1200
1200
1200
629
629
630
1200
630
630
631
631
631
632
632
109
109
109
1200
1200
632
632
633
633
633
633
634
634
634
635
635
635
635
636
636
636
636
637
637
637
637
638
1201
1201
1201
1201
1201
638
638
639
639
1422
1422
1422
1422
1422
1422
1422
1422
1422
1424
1424
1424
1424
1424
1424
1424
1424
1424
1424
1424
1424
1424
1424
1425
1425
1425
639
639
640
1201
1201
1201
1201
1201
1201
1201
1425
1425
1201
1201
1201
1202
1202
640
1202
1202
1202
640
641
641
641
642
642
1202
1202
1202
1202
1202
1202
642
642
1202
1202
1202
1203
1203
1203
1203
1203
1203
1203
1203
1203
1203
1203
1203
1203
1203
1204
1204
643
110
643
643
1204
1204
1204
1204
1204
1204
1204
1204
1338
1338
1338
644
644
644
645
645
645
645
646
646
646
646
647
647
647
647
1473
648
648
1473
1473
1204
1425
1425
1425
110
110
110
111
1204
1204
1204
1204
1204
1205
1205
1205
648
1425
1425
1425
1425
1425
1425
1425
1426
1426
1426
1426
1426
1426
1426
1426
1426
1426
1426
1426
1426
1426
1426
1205
1205
1205
1205
648
649
649
111
111
1205
1205
1205
1205
1205
1205
1205
1206
1206
1339
1339
1339
1339
1340
1206
1206
649
649
650
650
1206
1206
1206
1206
1206
650
650
651
1206
1206
1206
1206
1206
1207
651
652
652
652
652
653
111
653
112
1207
112
112
1207
112
653
113
653
654
654
655
655
1207
1207
1207
1207
1207
1207
1207
1207
1427
655
655
113
113
114
114
114
114
115
1207
1207
1207
656
656
656
656
657
657
657
658
658
658
1208
1208
658
659
659
659
1473
660
660
660
660
661
661
661
661
662
662
662
663
663
663
663
664
664
667
667
667
668
668
1340
1340
115
115
1340
668
668
669
669
1340
669
669
670
670
670
670
1208
1208
1208
671
671
671
1473
671
1473
1473
672
1473
1474
672
672
672
673
673
673
673
674
674
675
675
675
675
676
676
676
676
677
677
677
677
678
678
678
678
679
679
679
1208
1208
1208
1469
1208
1208
1208
1208
1208
1208
1209
1340
1340
1340
1340
1340
1340
1340
1340
1341
1341
1342
1342
1342
1342
1342
1342
1342
1342
679
1209
1209
1209
680
680
680
680
1209
1209
1209
1209
1209
681
681
681
682
682
1209
682
682
683
1209
1210
683
683
683
684
1210
1210
1210
1210
684
1210
684
684
1210
685
1210
685
1210
685
685
1210
115
116
116
116
116
117
1210
1342
1342
1342
1342
1342
1342
1342
1343
1343
1210
117
117
117
118
118
118
686
686
686
687
118
119
119
119
119
120
120
120
1343
1343
687
121
121
121
121
687
687
688
688
688
688
689
689
689
690
690
690
691
691
691
691
692
692
692
693
1474
693
693
693
694
694
694
695
695
695
695
696
696
696
697
697
697
698
698
698
698
1211
1211
1211
1211
699
699
699
699
700
1474
700
700
700
701
701
701
701
702
702
702
702
703
703
1474
1474
703
703
704
1211
704
1344
1344
1344
1344
1344
1211
704
705
705
705
706
706
706
706
707
707
707
707
122
122
122
708
708
708
1465
123
708
1427
123
709
709
709
709
710
710
710
711
711
711
1344
1344
1344
1344
1344
1344
1344
1344
1211
1211
1211
1427
1211
1211
1211
1211
1211
1211
1211
1214
1214
1214
1214
1344
1344
711
712
712
712
712
1214
1214
124
124
125
125
125
126
126
126
126
127
127
127
127
128
128
128
129
129
129
129
130
130
1214
713
713
713
713
714
714
715
715
715
716
716
716
717
717
717
717
718
718
718
130
1214
1214
1214
1214
131
1345
718
719
719
719
131
131
1345
1345
1345
1346
1346
1346
1346
1346
1346
1346
1346
720
1427
1427
1427
1427
1427
1427
1427
1427
1427
1427
1427
1427
1427
1428
131
132
132
132
132
135
135
135
135
136
136
136
136
1346
1346
137
137
1346
1428
720
720
137
720
137
138
138
138
721
721
721
721
1346
138
1346
1346
1347
1428
1428
1428
1428
1428
1428
1428
1428
1428
1428
1428
1428
1429
1429
1429
1429
1429
1429
1429
1429
1429
1429
1429
1430
1430
1430
1430
722
722
722
722
139
723
139
139
723
723
723
724
724
725
725
725
725
1430
726
726
726
139
1347
140
140
140
140
141
726
727
727
727
728
728
729
1347
1348
1348
1348
1348
1348
1348
141
141
142
729
142
142
1348
143
143
143
143
144
1348
1348
729
144
730
144
144
145
145
145
146
146
146
146
147
1348
730
147
147
147
148
148
148
730
730
731
731
731
731
732
732
732
732
733
733
733
733
734
734
734
734
735
735
735
736
736
1430
736
736
737
737
737
737
738
1214
1214
1214
1214
1214
738
738
739
739
739
740
740
741
741
1215
1215
1430
1430
1430
1430
741
741
1215
1430
1430
1430
1430
1430
1431
742
1431
1431
1431
1431
1215
1215
742
1431
1431
1431
1431
1431
1431
1431
1431
1431
1431
1432
1432
1432
1432
1432
1432
1432
1432
1432
1432
1432
1432
1432
1432
1432
1432
1433
1433
1433
1433
1433
1433
1433
1433
1433
1433
1433
1433
1433
1433
1433
1434
1434
1434
1434
1434
1434
1434
1434
1434
1434
1434
1434
1434
1434
1434
1434
1435
1435
1435
1435
1435
1435
742
742
1215
1215
1215
743
1348
149
149
1215
743
149
1215
743
743
1348
744
744
1474
1215
1469
1469
744
744
745
1348
745
745
1215
150
1349
150
150
745
746
746
746
746
1215
1349
747
1349
747
748
748
748
748
1215
1474
1215
151
749
749
1475
151
1469
1475
749
750
750
750
1469
750
751
751
751
751
1467
1475
1215
752
752
1469
752
1475
752
753
753
151
753
753
754
1469
151
754
1475
1216
152
152
1435
1435
1435
152
754
1216
1216
1216
754
1216
755
755
755
755
756
756
756
757
757
757
758
758
758
1349
1435
1435
1435
1216
1216
1216
1216
1216
1216
1216
1216
1216
1216
1217
1435
1435
1435
1435
1436
1217
1217
1217
1217
1350
152
153
153
153
759
759
759
759
760
760
760
760
761
761
1217
1217
1217
1217
1217
1217
1217
1217
1217
1218
1218
153
1467
154
154
761
1465
761
762
762
762
762
763
763
763
763
764
764
764
1218
1218
765
765
765
765
767
767
767
767
768
768
768
769
769
769
1218
1218
1218
1218
1218
1218
1218
769
1218
770
1218
1218
770
770
770
1219
1219
1219
771
771
771
1219
1219
1219
1219
1219
772
772
772
773
773
773
774
774
774
775
775
775
776
1219
776
777
777
1219
777
778
778
778
1219
1219
778
779
779
779
779
780
780
780
781
781
781
782
782
782
783
783
783
783
784
784
785
785
785
1219
1219
1220
1220
1220
1220
1220
1220
1220
1220
1220
1220
1465
1465
1220
1350
1350
1350
1350
1350
1350
1350
1350
1350
1350
1350
1350
1350
1350
1351
785
1220
1220
1220
1220
1220
786
1221
1221
1221
1221
1221
1221
1221
1221
1221
1221
1466
786
786
786
787
787
154
154
155
787
1221
1221
1221
1221
1221
1222
1222
1222
1222
1222
1222
787
1222
1222
155
788
788
788
788
789
789
1475
1475
789
789
790
790
790
790
791
791
791
791
792
792
792
792
793
793
793
796
796
796
797
797
797
797
798
1475
798
798
798
799
799
799
799
800
155
155
800
800
801
801
801
801
802
802
802
803
803
803
804
804
804
805
805
805
805
806
806
806
806
807
807
807
807
808
808
808
809
809
809
809
810
1222
1222
156
1222
1222
1222
1222
1222
1223
1223
1223
1223
1223
1223
1223
1223
1465
1223
1223
1223
1223
1223
1351
1351
1351
156
1467
156
156
157
157
157
1467
1467
157
158
158
158
158
1351
159
1351
1351
810
810
159
159
159
160
160
810
811
811
811
811
1223
160
160
161
161
812
812
812
812
1223
813
813
813
813
1224
1224
1224
814
814
814
815
815
162
1436
1436
1351
1351
1351
1351
1224
1224
1224
1224
1224
1224
1469
816
1351
816
816
817
1224
817
1224
1224
817
1224
817
818
818
818
819
819
819
819
820
820
820
820
821
821
821
821
822
822
823
1224
1225
823
1436
1436
1436
1436
162
823
824
824
824
824
825
825
825
825
826
826
826
826
827
827
828
828
828
828
829
1436
1436
1436
1436
1436
1436
1436
1437
1351
1351
1351
1352
829
829
829
830
830
830
830
831
831
831
831
834
1466
1225
834
834
835
1466
835
835
835
836
836
1225
1225
836
836
1225
1225
1437
1437
162
162
163
163
163
163
164
164
164
164
165
165
165
165
166
837
837
837
837
838
166
166
1352
166
1225
1225
1225
1225
838
838
838
1225
839
839
839
840
167
167
840
1225
1225
840
167
1437
1352
1225
1225
1225
1226
840
841
1352
1352
1352
1352
1352
841
841
841
842
842
842
842
843
843
843
843
844
844
844
845
845
845
845
846
846
846
847
847
847
847
848
848
848
848
849
849
849
850
167
1352
1352
1352
1352
1352
1352
1353
1353
1353
1353
1353
1226
1226
850
850
850
851
851
1226
1226
168
168
168
168
169
169
169
1226
851
851
1226
1226
852
852
852
853
853
853
853
854
854
1226
854
170
170
1353
170
854
854
854
854
854
854
854
1226
1226
1226
854
854
854
1226
1226
1226
854
854
854
855
855
1226
1227
1227
1227
855
855
856
856
856
856
857
1475
857
857
858
858
858
858
859
859
859
859
860
860
860
860
861
861
1353
1437
1353
1353
173
173
173
173
174
174
1227
1227
1227
1437
1437
1437
1437
1437
1437
1227
1227
1227
1227
1227
862
1227
1227
1227
1228
1228
1228
1228
1228
1228
1228
1228
1228
1228
862
862
862
863
863
863
863
864
864
1466
174
1466
175
175
175
175
1228
864
864
865
865
865
865
866
866
866
866
867
867
867
867
868
868
868
868
869
869
869
869
872
872
872
873
873
873
874
874
874
1228
1228
1229
874
875
875
875
875
876
1437
1437
1437
1437
1438
1438
1438
1438
1438
1438
1438
1438
1438
1438
1438
1438
1438
876
876
1229
1229
176
1439
1439
1229
1229
1229
1229
1229
1229
876
877
1229
1229
1229
1229
1229
877
1230
1230
1230
1230
877
878
878
1230
1230
1230
1230
1230
1230
1230
1230
1230
1230
1230
1231
1231
1231
1231
1231
1231
1231
1231
1231
1231
1231
1231
1231
176
176
878
879
879
880
880
1231
1231
1231
1232
1232
1232
1233
1233
1233
1233
1353
1353
1353
1353
1353
880
880
881
881
881
881
882
882
882
883
883
883
883
884
884
884
884
1475
885
885
885
1475
886
886
886
886
1233
1233
177
1439
1439
1439
177
177
177
178
1233
1233
1233
1233
178
887
887
1439
1439
1439
1439
1439
1439
1439
1439
1439
1442
1442
1442
1442
1443
1443
1443
1443
1443
1443
1443
1443
1443
178
1233
1233
1233
1233
1234
1234
1234
887
887
888
178
888
889
889
890
1235
1353
1354
1354
1354
1354
1235
1235
1235
1235
890
890
890
1235
1235
1235
1235
1235
1235
891
1235
1235
1235
1235
1236
1236
1237
891
1237
1237
1237
1237
891
892
892
892
892
893
893
893
893
894
894
1476
894
894
895
1443
895
179
179
1237
179
180
895
1443
180
180
180
895
896
896
1354
1237
1237
1237
1237
897
1237
1237
1237
1237
1443
1443
897
897
181
181
181
182
182
1237
1237
897
898
898
898
898
899
899
899
899
900
1238
1238
1476
900
900
900
901
901
901
902
902
902
902
903
903
903
903
904
904
904
905
905
183
183
1354
1354
1354
183
183
184
1354
905
1354
1354
184
184
184
906
906
906
906
907
907
907
909
910
910
910
1238
1239
910
1239
1239
1239
911
911
911
911
912
912
912
912
913
913
913
913
914
914
914
914
915
915
915
916
916
916
916
916
916
916
916
917
917
917
917
918
918
918
918
918
918
918
918
919
919
919
919
920
920
920
920
1239
1239
1239
1239
1239
1239
1239
1239
1239
1239
1239
1240
1240
1354
1354
1354
1354
1354
1355
1355
1355
1355
1355
1355
1355
1355
1355
1355
1355
1356
1356
1356
920
1241
1241
1241
921
921
922
922
1241
1241
1241
1241
922
922
1241
922
922
922
923
923
923
1241
923
1241
1241
1241
1241
1241
924
924
924
925
1241
925
925
926
1241
1242
1242
926
926
1242
926
927
1243
1243
1243
927
927
185
1356
1356
1356
1356
1356
1356
1356
1356
1356
1356
1356
1356
1357
1243
185
185
186
186
186
927
928
928
928
187
187
188
188
188
188
189
1357
1357
1357
1357
189
189
190
190
190
190
191
191
191
192
928
929
929
929
930
930
930
930
931
931
931
931
932
932
932
932
933
933
933
934
934
1465
934
934
935
935
935
1243
1243
1243
936
936
936
936
937
937
937
937
938
938
938
939
939
939
940
940
940
940
941
1476
941
941
941
1476
1477
1477
942
1243
942
942
943
943
943
943
1357
1357
1357
1357
1357
1357
1357
944
1243
944
944
945
945
945
945
947
947
948
948
948
948
949
949
949
949
950
950
951
951
192
192
192
193
193
1465
951
951
193
1443
1465
952
952
952
953
953
953
954
954
955
955
955
956
956
1243
956
956
957
957
1357
1357
1357
1357
1358
1358
1358
1358
957
1243
1243
1243
1243
1244
1244
1244
1245
1245
1358
1358
1358
1358
957
958
193
194
194
194
195
195
195
195
196
196
196
196
197
197
197
198
198
958
958
958
959
959
959
959
960
960
960
960
961
961
961
962
962
962
962
963
963
963
963
964
964
964
964
965
965
965
965
1245
1245
1245
1245
1245
1245
1245
198
966
966
966
967
967
1358
1358
1358
1358
1358
1358
1358
1358
1359
1359
1359
1359
1359
198
1245
1245
1245
1443
1443
1444
1444
1444
1444
1444
1444
1444
1445
1445
1445
1445
1445
1445
1445
199
199
199
200
200
200
201
201
201
201
202
202
202
202
1359
203
1359
203
203
1359
1359
1445
967
968
968
968
203
968
969
969
969
204
1359
204
969
1359
1359
1359
1445
1445
1445
1445
1445
1445
1445
1446
1446
1446
1446
970
970
1245
1245
970
971
971
971
1245
204
204
971
972
972
972
972
973
1246
973
205
973
205
973
974
974
974
975
1359
205
205
1465
206
206
206
975
207
207
207
975
975
976
976
976
976
977
207
1359
1360
1360
208
208
208
208
211
211
211
212
212
212
213
213
213
213
214
214
214
1247
977
214
215
215
215
215
216
1360
216
977
216
216
977
217
217
978
978
978
978
979
979
979
979
980
980
980
981
981
981
981
982
982
982
982
983
983
983
986
1360
1360
1360
1360
1360
1360
1360
986
986
987
987
987
987
988
988
1247
1247
1247
1247
988
988
989
1477
989
1477
1466
1247
1446
1446
1446
989
990
990
1247
1447
1447
1447
1447
1447
1447
1447
1447
990
990
1447
1247
1247
1247
1247
1247
991
991
1447
1447
1447
1447
1447
1447
1448
1448
1448
1448
1448
1448
1448
1448
1449
1449
1449
1449
1449
1449
1449
1449
1449
1449
1449
1449
1449
1450
1450
1450
1450
1450
1450
1450
1451
1451
1451
1451
1451
1451
1451
1451
1451
1451
1451
1451
1451
1452
1452
1452
1452
1452
1452
1453
1453
1453
1453
1453
1453
1453
1453
1453
991
1247
1247
991
1247
1360
992
992
992
217
1247
1248
992
993
993
1248
993
1248
993
1249
1360
1249
994
1249
217
1249
1249
1249
994
994
995
1469
1249
1249
995
995
1249
996
1249
996
996
1477
1477
996
1477
997
997
1469
1249
218
1249
1477
218
1249
997
997
1249
1249
1477
998
998
1249
998
1252
999
999
999
1252
1000
1000
1252
219
1000
1253
1360
1000
1001
1001
1360
1001
1253
1001
1477
1002
1003
1477
1003
1003
1253
1003
1469
1004
1004
1453
1453
1453
1453
1453
1454
219
1253
1253
1253
1253
1004
1004
1005
1253
1005
1454
1454
1005
1005
1006
1006
1006
1006
1007
1360
1360
1361
1361
1361
1361
1361
1361
1454
1454
1454
1454
1454
1253
1253
1253
1253
1253
1253
1253
1254
1255
1255
1255
1255
1455
1255
1255
1255
1255
1255
1255
1255
219
1255
1255
1361
1361
1361
219
1361
220
220
1007
1008
1008
1255
1255
1255
1256
1256
1256
1256
1257
1465
1465
1008
1008
1009
1009
1009
1009
1010
1257
1257
1010
1010
1010
1011
1011
1011
1011
1012
1012
1257
1257
1257
1257
1257
1257
1257
1012
1257
1012
1013
1257
1257
1013
1013
1257
1013
1014
1257
1257
1258
1014
1014
1015
1015
1015
1015
1016
1016
1016
1258
1016
1258
1258
1259
1259
1017
1017
1017
1018
1018
1018
1019
1259
1259
1259
1019
1019
1019
1259
1020
1259
1020
1020
1020
1021
1021
1021
1259
1259
1021
1024
1024
1024
1024
1025
1025
1025
1026
1026
1026
1026
1259
1259
1259
1259
1259
1259
1465
1260
1260
1361
1361
1361
220
220
1260
1261
1469
1027
1027
1261
1261
1261
1261
1261
1261
1261
1466
1028
1028
1028
1029
221
221
1361
1362
221
1029
1261
1261
1261
1261
1261
1261
1261
1262
1262
1262
1263
1263
1263
1263
1030
1263
1030
1030
1030
1031
1031
1031
1031
1477
1477
1032
1032
1032
1033
1033
1033
1033
1034
1034
1034
1035
1035
1036
1036
1036
1036
1037
1037
1037
1037
1038
1038
1038
1038
1039
1039
1039
1039
1040
1040
1040
1040
1041
1263
1263
1041
1041
1041
1042
1042
1042
1042
1043
1043
1043
1044
1044
1044
1044
1045
1045
1045
1045
1045
1045
1045
1045
1045
1045
1045
1045
1045
1045
1045
1045
1046
1046
1046
1046
1047
1047
1047
1263
1048
1048
1048
1263
1263
1263
1263
1263
1263
1264
1264
1264
1265
1265
1265
1265
1265
1265
1467
221
222
222
222
223
223
224
224
1362
224
224
1362
1362
225
225
226
226
226
1048
1049
1049
1049
1049
1265
226
227
1050
1051
1051
1051
1051
1265
1052
1052
1052
1052
1053
1053
1053
1053
1053
1265
1053
1053
1053
1054
1054
1054
1055
1455
1455
1455
1455
1455
1362
1362
1362
1265
1265
1265
1265
1265
1055
1055
1055
1055
1055
1055
1055
1056
1056
1056
1056
1057
1057
1057
1057
1057
1057
1057
1057
1058
1058
1059
1059
1059
1059
1062
1062
1062
1062
1063
227
1265
1266
1266
1063
1063
1063
1064
1455
1455
1455
1455
1455
1455
1455
1266
1064
227
227
1064
1064
1065
1065
1065
1065
1066
1066
1066
1067
1067
1068
1068
1069
1069
1069
1069
1070
1070
1070
1071
1267
1071
1071
1071
1072
1072
1072
1073
1455
1455
1456
1456
1456
1456
1456
1456
1362
1362
1073
1073
1267
1267
1466
1267
1267
1267
1073
1074
1074
1074
1074
1075
1075
1075
1075
1076
1076
1076
1267
1267
1267
1076
1077
1077
1077
1078
1267
1267
1457
1457
1457
228
228
228
228
229
229
1078
1078
1079
1079
1079
1362
1362
1362
229
230
230
1362
1362
230
1079
1267
1267
1267
1267
1080
1080
1080
1080
1081
1267
1082
1082
1469
1268
1268
1268
1268
1269
1269
1083
1083
1083
231
1083
1084
1084
1084
1084
1085
1085
231
231
1362
1362
1363
1363
1086
1086
1086
1086
1087
1087
1088
1088
1088
1089
1089
1089
1089
1090
1090
1090
1090
1090
1090
1090
1090
1090
1090
1090
1090
1090
1090
1090
1091
1269
232
232
232
232
1457
1363
1363
1363
1363
1363
1363
1363
1363
1363
1363
1363
1363
1363
1269
1091
1466
1091
233
233
233
233
234
234
234
235
1269
1269
1269
1269
1269
1269
1269
1269
1269
1091
1092
1092
1092
1092
1092
1269
1269
1270
1366
1366
1366
235
1092
1092
1092
1092
1092
1270
1270
1270
1092
1092
1092
1092
1271
1092
1092
1271
1271
1271
1272
1272
1272
1093
1093
1094
1094
1094
1094
1477
1094
1094
1094
1094
1094
1094
1094
1094
1094
1094
1094
1095
1095
1095
1095
1457
1366
1367
235
1273
1273
1274
1274
1274
1274
1457
1457
1457
1457
1275
1275
1276
1276
1276
1276
1277
1277
1096
1096
1096
1277
1277
1278
1278
1278
1279
1279
1279
1457
1457
1279
1280
1280
1280
236
1096
1096
1096
1096
1096
1096
1096
1096
1096
1096
1096
1465
236
236
237
237
237
238
1280
1097
1097
1097
1097
1100
1100
1100
1100
1100
1100
1100
1100
1100
1100
1100
1100
1100
1100
1100
1100
1101
1101
1101
1101
1102
1102
1102
1102
1281
1102
1102
1102
1102
1102
1102
1102
1102
1102
1102
1102
1457
1457
1457
1458
1102
1458
1458
1459
1459
1459
1459
1459
1459
1459
1459
1459
1459
1103
1281
1281
1281
1282
1282
1282
1282
238
1283
1283
1283
1283
1284
1284
1284
1284
1285
1285
1285
1103
1285
1286
1286
1286
1286
1287
1287
1287
1287
1103
1103
1103
1103
1103
1287
1287
1287
1287
1287
1287
1287
1287
1287
1287
1287
1288
1290
1290
1290
1290
1291
1291
1291
1291
1291
1291
238
238
1103
1104
1104
1104
1291
1291
1291
1291
1291
1291
1291
1291
1292
1292
1367
1367
1367
1104
1104
1104
1104
1104
1104
1104
1104
1104
1104
1104
1104
1104
1105
1105
1105
1105
1105
1105
1292
1459
1459
1459
1459
1459
1292
1293
1293
1293
1293
1293
1105
1106
1106
1106
1459
1460
1460
1460
1461
1461
1461
1461
1461
1461
1461
1461
1461
1461
1461
1461
1461
1462
1462
1463
1463
1463
1463
1463
1293
1106
1293
1293
1293
1106
1106
239
239
1106
1293
1465
1368
1368
1368
1368
1368
1368
1368
1368
1293
1293
1106
1106
1106
1106
1293
1293
1293
1294
1294
1294
1106
1106
1295
1295
1295
1295
1295
1295
1295
1295
1106
1295
1295
1295
1106
1107
1107
1107
1107
1463
1463
1463
1463
1107
1108
1108
1108
1108
1108
239
1369
1463
1108
239
1295
1369
240
240
1108
1369
240
240
1108
241
1108
241
241
241
1108
1295
1295
1295
1296
1296
1296
1297
1297
1297
1108
242
242
242
242
1297
1297
1297
1297
1108
1108
1108
1108
1108
1109
1109
1109
1109
1109
1109
1477
1109
1477
1110
1110
1110
1110
1110
1110
1110
1110
1110
1110
1110
1110
1110
1110
1110
1111
1111
1111
1370
1370
1370
1370
1370
1370
243
243
243
1370
1371
1111
1111
244
244
244
244
245
1111
1111
1112
1112
1112
1112
1112
1112
1112
1112
1112
1112
1112
1297
1112
1112
1113
1113
1113
1113
1113
1478
1113
1113
1113
1114
1297
1114
1114
1115
1115
1115
1115
1115
1115
1115
1115
1115
1115
1115
1115
1115
1115
1116
1116
1117
1117
1117
1117
1118
1119
1119
1297
1297
1297
1297
1297
1298
1298
1298
1298
1299
1371
1371
1372
1372
1372
1372
1372
1372
1373
1373
1373
1373
1374
1299
1119
1119
1120
1121
1299
1121
1121
1299
1299
1299
1121
1122
1122
1299
1122
1299
1299
1122
1122
1122
1122
1299
1299
1299
1299
1122
1299
1122
1122
1122
1299
1299
1122
1122
1122
1300
1122
1123
1300
1300
245
246
246
246
1301
1374
1374
1374
1374
1374
1374
1374
1301
1301
1302
1302
246
249
249
249
249
1123
1123
1123
1123
1123
1123
1123
1123
1123
250
250
250
250
251
251
251
251
252
252
252
252
253
1467
1375
1375
253
253
254
254
254
254
255
255
1123
1123
1123
1123
1123
1124
1124
1124
1124
1124
1124
1124
1124
1478
1124
1124
1480
1124
1124
1124
1124
1124
1125
1125
1125
1125
1125
1125
1125
1125
1125
1303
1303
1125
1125
1125
1125
1125
1125
1125
1126
1126
1126
1126
1126
1126
1126
1126
1126
1126
1126
1126
1126
1126
1126
1126
1127
1127
1127
1480
1480
1480
1480
1480
1127
1480
1127
1127
1127
1127
1127
1127
1127
1127
1127
1127
1127
1127
1128
1128
1375
1376
1128
1128
1128
1128
1128
1128
1128
1128
1128
1128
1128
1128
1128
1128
1129
1129
1129
1129
1130
1130
1130
1130
255
1130
1130
1130
1130
1130
1130
1130
1130
1130
1130
1130
1130
1131
1131
1303
1131
1376
1376
1376
1376
1376
1376
1132
1463
1463
1132
255
