7391
1378
1292
1208
1218
1261
1225
1267
1291
1221
1198
1376
1304
360
877
1247
1249
1237
1103
319
1214
28
154
32
138
11
119
6
22
45
24
17
29
11
146
6
23
1209
1090
940
429
480
961
421
259
759
1095
672
501
979
266
934
735
261
983
953
972
262
1094
1112
1106
939
726
264
1151
1187
1179
1134
1211
93
153
264
1045
278
265
1160
1293
1233
155
1321
1057
1352
1338
1351
1467
1332
1328
1356
1330
1330
1330
1353
1353
1330
1467
1340
1340
1330
1342
1342
1358
1363
1132
1435
1435
1438
1430
1422
1389
1431
1428
1435
1431
1432
1432
1416
251
5
40
1148
1135
177
83
122
151
16
84
78
12
83
123
83
100
145
1344
147
64
42
165
1353
1368
1342
504
1024
108
973
877
447
1019
1004
128
448
101
1144
421
6
1329
1331
130
66
1430
1435
1380
1452
1433
1434
1456
1424
1429
1447
1429
1443
1430
1424
1458
1429
1447
1426
1445
1003
114
268
1128
922
469
1071
68
1138
526
1420
483
332
515
1101
332
525
1118
1133
51
125
113
599
120
150
988
967
994
986
1108
1315
1319
1336
50
233
46
105
60
79
82
207
55
107
82
88
92
60
75
81
87
1330
992
968
676
856
43
145
109
1100
951
997
1094
62
41
195
895
270
619
932
878
712
258
1072
1010
1020
1006
587
309
498
702
1017
800
466
788
1444
1382
1463
1350
1362
1329
1377
1371
1346
1343
1351
1329
1333
1315
1304
1096
530
921
365
403
717
708
1378
1187
1178
1154
1202
1152
1204
1467
1269
1180
1219
1261
1269
1226
1231
1201
1227
445
283
309
502
288
483
867
860
1222
1182
1170
1454
1385
1415
1448
536
316
1461
1404
1404
1420
1418
1398
491
389
1443
1463
1204
1249
1202
1272
1200
1219
391
1412
1404
1431
1408
1422
1451
1410
1414
1420
1428
1412
1422
1408
1438
1379
1415
1453
1438
1387
1404
1388
1431
1400
1418
1438
1459
1420
1404
1427
1457
1416
1410
1425
1449
1417
1457
1435
1410
1453
1406
1435
1409
1401
1435
1425
1453
1453
1408
1416
1416
1455
1457
1451
540
1097
515
975
1263
297
1362
651
195
201
212
1253
1254
715
193
1301
743
751
799
1469
1469
1467
789
778
769
253
1357
1267
1467
1263
1361
763
771
1467
1467
1468
1466
657
1469
677
776
1233
749
751
1363
1271
772
768
295
272
246
1281
1469
1293
1470
1265
1248
682
301
1173
1264
674
681
702
760
1263
1255
722
855
767
656
661
1299
654
251
1163
760
757
1470
1470
757
1355
245
754
773
684
1265
768
682
235
656
1468
1355
199
675
744
252
1470
675
1446
238
254
1201
1220
1199
1228
1443
1094
1130
1094
1470
1102
1108
545
341
1092
1351
1350
1352
1334
1370
1451
1207
1211
1209
1269
1221
1199
1380
1433
1420
1437
1439
1437
1437
1158
1172
1160
1206
1202
1200
1355
180
718
304
393
288
939
1280
1297
1218
1138
1291
1260
112
80
129
1466
1112
958
287
565
543
481
340
693
578
1094
352
1100
770
1044
291
722
574
256
912
581
1197
1269
843
1463
1207
256
880
649
325
759
756
816
836
1231
1243
1179
1134
527
423
748
1113
1439
825
1224
1182
1470
1178
1133
1172
1094
927
1164
1132
1199
1169
1043
280
1109
336
1114
1106
1102
713
1047
1189
1185
1011
1126
340
1123
1076
1134
428
1073
894
1018
1110
1041
812
1256
494
745
535
707
339
327
1131
1057
1079
1124
500
1470
510
1117
595
1111
1179
1259
1261
1230
1218
1205
1197
1239
1163
1162
1352
1319
1352
1329
1356
1316
1311
1344
54
1149
1177
1295
1124
1145
1142
1188
1132
1148
1230
1159
1240
446
1195
1217
886
97
86
1205
1218
1182
1198
1261
1231
1267
1134
1158
448
879
875
1226
1217
485
756
588
1471
1471
1045
787
920
1036
1132
1021
680
1056
289
715
925
621
1105
1058
1125
653
804
311
1013
275
459
1130
1130
745
1123
886
261
603
1471
938
866
933
490
965
1196
1234
1198
885
507
559
888
929
17
31
8
35
799
534
477
563
553
670
558
914
1058
1117
528
812
916
1057
918
900
1078
1004
291
512
1088
582
537
1111
367
317
322
505
478
1243
309
780
531
1261
1215
4
1214
1190
1162
1217
1162
1156
1156
1463
1299
1206
1160
1166
1158
1191
1166
1214
1187
1249
1202
596
913
249
158
78
147
167
162
1411
105
22
76
14
42
50
32
94
179
252
112
89
80
604
191
1113
1109
865
1226
887
391
862
758
685
383
398
1210
1224
418
605
306
504
1125
1115
1052
596
486
1123
417
447
907
358
240
1449
1416
1455
1418
1394
1453
1307
1160
1261
1225
1132
1208
1203
1468
1210
390
1019
880
1336
1034
626
1122
256
284
916
271
661
747
770
605
553
487
515
1126
1011
988
803
1062
1043
885
1127
1202
1189
1195
1204
1222
1430
1408
1432
1404
1410
1449
854
71
188
526
1104
758
537
542
542
1104
853
544
1067
265
371
599
1111
1050
546
1127
881
296
670
345
1395
1420
1439
1450
1448
1433
1430
1452
1350
1328
1329
1368
1375
1374
1329
660
259
675
727
721
1295
1114
1122
793
377
1080
433
927
863
467
489
659
1188
1199
1215
1209
1285
1299
695
642
982
472
335
1336
1427
1407
225
193
215
2
494
709
267
443
1063
445
786
632
777
1352
1356
159
141
52
1323
515
1220
1149
1146
504
918
1072
777
1215
1195
489
1130
282
163
683
1247
1249
1198
1230
1276
1219
1204
1198
290
782
1407
436
747
1101
329
1249
1221
1252
404
591
1317
1325
1323
358
1108
1030
491
360
310
1104
308
460
269
556
510
1110
550
311
519
506
1044
539
467
522
575
244
237
1379
1348
1347
1334
1344
1319
1346
1354
1363
1344
1354
1374
1352
1363
1342
1287
480
450
269
1206
1227
1235
1016
917
1154
38
202
233
249
206
192
202
2
202
1219
1237
1235
1296
1108
789
700
312
667
1126
599
1180
1146
1184
1190
1252
162
235
1319
612
1024
457
540
1036
874
26
618
557
710
930
1186
1272
913
622
920
645
1209
346
1223
1211
1178
1230
1170
1220
1158
1102
1052
1007
1096
830
1124
548
977
989
845
544
958
847
331
850
777
509
333
904
692
1425
1317
1351
1360
1325
91
1466
176
77
1466
23
1234
1279
1277
1177
1450
1448
1439
1426
1151
1168
1214
1168
1228
1140
486
1227
1164
1297
1144
1140
1138
1140
1140
1135
1220
1144
1170
1188
1138
445
545
381
605
1073
1094
1090
455
533
447
410
448
571
79
174
201
39
154
82
144
334
956
572
877
425
1096
931
976
1110
697
1114
918
1096
292
440
427
856
695
1125
923
815
882
1097
892
1008
1029
849
716
294
384
765
1103
300
1267
420
412
850
379
303
1389
1415
1409
1407
1421
1433
1383
1459
1407
1447
1455
1422
1404
1436
1413
1420
1411
1407
1461
1407
1432
1409
1378
1420
750
1150
1217
1185
1297
1459
1225
1177
1172
1216
1302
774
1172
1269
1146
1231
1293
659
1147
1112
1108
1045
557
1210
1287
1176
1219
1244
435
924
1123
1235
1269
1300
1245
1203
1269
1134
1150
1201
1233
1196
1287
1273
1146
1140
1297
1273
1209
1145
1195
1263
1166
1182
1162
1186
27
3
415
397
1222
1135
1202
1202
1158
1135
1210
1156
1178
1226
1224
1178
1314
1323
1335
906
956
726
719
1126
937
854
609
594
537
903
764
841
335
506
1471
1107
484
1032
1218
1425
342
375
1405
1379
1417
1409
75
174
124
162
243
131
1199
508
1407
1445
1429
1431
1446
1461
1382
1439
1461
1446
1445
1439
1439
1430
1437
1411
1427
1392
1443
1409
1445
1447
1411
1386
1417
1380
1245
1269
1253
1299
1045
504
487
444
444
468
1020
605
603
188
535
1219
1245
1197
1348
1329
1317
1321
1313
1332
1369
1355
1223
456
1187
1296
1233
1237
1203
1214
1221
1255
1199
1247
1202
1255
1164
1176
1190
1291
1186
1166
1230
959
636
1107
893
803
1420
1411
702
1122
46
1424
1150
81
1184
43
677
271
41
1142
196
66
254
143
159
249
109
137
1189
1198
1199
1293
385
1433
1407
713
1124
567
1393
215
213
197
1283
1196
1270
767
1115
810
916
620
771
900
1107
1103
1190
1299
1463
1239
1290
1293
1102
898
926
1092
1471
1471
464
1085
662
1034
401
556
260
811
1028
614
593
297
349
640
678
706
793
1055
454
508
392
739
282
182
120
177
184
1358
184
1332
1355
30
1325
1340
1354
60
109
16
857
917
935
848
941
857
949
454
1019
906
979
948
998
1241
1228
896
1230
930
415
630
548
1471
895
1471
570
538
535
439
449
1119
430
758
1025
433
535
455
1075
648
884
971
753
449
535
1102
502
503
500
1094
703
1085
1096
470
1226
1200
1171
1185
1144
1134
1181
1171
1154
1337
1319
1378
1317
1328
1311
1352
1309
1143
257
1257
416
687
1166
1147
1295
1245
1231
499
1179
1223
1181
1193
1283
329
297
861
1216
1217
822
1215
1263
1056
801
740
484
1247
211
1295
1358
1349
1352
1361
1354
1363
1350
1344
1370
1340
1321
1315
1354
1340
185
175
145
126
152
469
962
1069
1003
750
879
8
132
44
182
1361
1320
1319
415
416
972
130
31
178
165
376
1100
1092
755
467
1081
378
495
808
489
332
525
1471
1095
1087
1112
511
806
988
953
1084
926
478
970
278
270
595
603
841
507
603
593
370
804
917
821
698
1233
1198
504
447
545
594
1082
502
611
554
547
1059
1021
432
635
351
916
920
1128
1113
1127
1122
1471
1471
564
1471
906
746
661
957
703
420
1117
1108
1334
1344
1317
1332
1314
1341
1356
1363
72
1468
1222
894
777
1124
1122
769
1069
954
798
1127
786
1124
767
663
632
696
897
700
915
522
165
187
359
1058
251
529
852
605
1009
960
855
831
865
834
601
916
701
1104
918
1051
1306
1351
1323
1309
1321
1354
1360
1367
1371
1315
1285
1206
1237
1263
1247
1225
1205
1227
1346
1346
808
407
647
409
906
681
875
1253
1257
1234
1100
481
423
744
124
26
63
52
25
116
28
231
140
44
151
33
34
27
182
195
168
135
117
1200
791
796
986
973
958
765
283
934
786
290
936
938
1110
977
668
1108
705
1002
1092
473
1110
1112
974
1110
507
474
1200
45
117
1041
828
1262
474
848
1248
1266
1281
1330
1344
1330
1350
1340
1372
1350
1315
1345
1338
1328
1318
1332
1307
1361
1346
1360
1311
1346
1325
1180
1176
1367
1428
1425
1425
1444
1444
1457
1451
1424
21
1189
142
174
1039
1135
64
53
1336
86
90
219
15
157
141
55
1368
1370
1445
378
889
108
929
67
605
441
430
849
876
1133
1317
1319
48
1439
1407
1424
1445
1424
1448
1443
1445
1451
1445
1424
1426
619
508
546
492
431
1086
1133
105
683
183
276
449
388
607
691
451
535
935
1140
995
568
1133
431
773
39
56
74
72
61
149
1155
39
113
101
430
1340
294
1113
995
1112
972
1103
966
1336
1338
1338
149
139
48
139
137
215
107
1006
75
83
88
102
124
89
118
1094
960
987
526
74
51
157
119
98
94
89
772
93
812
1001
125
86
1079
914
420
1112
925
856
652
922
882
830
487
487
379
353
745
739
260
402
1341
1362
1346
1376
1357
1346
1361
1346
1167
821
1123
645
638
707
390
357
382
641
357
944
672
1158
1220
1180
1162
1187
1227
1249
1221
1245
533
572
1044
570
1108
1254
1427
1408
1408
1416
1031
1418
1380
1243
1409
1415
835
1413
1419
1443
1405
1215
1241
1227
1404
1459
1436
1447
1453
1406
1427
1422
1411
1438
1453
1436
1457
1413
1451
1410
1457
1422
1422
1436
1414
1410
1414
1418
1410
1432
1418
1404
1406
1418
1405
1425
1431
1412
1445
1453
1438
1412
1392
1387
1412
1412
1407
1453
1412
1449
1449
1404
1405
1394
1427
1414
1438
1427
1406
1432
1455
1457
1455
1432
1447
1202
1015
1243
1224
1176
1037
690
1224
496
1222
1184
1468
724
1267
1471
1306
232
1240
651
256
651
1269
1357
241
1466
1264
1267
779
1471
2
1361
1357
657
1269
723
767
1259
278
1467
734
284
1295
1259
1265
805
1351
1254
1466
1361
1246
1297
1287
818
1233
768
1367
676
679
1359
772
1471
1472
1277
299
1299
755
706
344
714
677
1267
1245
791
742
734
674
1265
1249
875
762
662
1233
1473
234
271
783
1468
1295
1297
296
1293
878
1468
1378
1411
246
1458
1446
1463
1399
201
1195
1195
1102
1074
481
1450
537
322
611
1062
1096
1473
398
1126
1100
569
1353
1353
1369
1354
1360
1348
1338
246
1227
1264
1223
1245
1225
1195
1257
1223
1221
1197
1205
1218
1204
1172
1293
1156
1222
1370
155
824
387
733
1209
1281
7
236
124
1466
1466
679
559
1186
1465
1335
733
443
288
905
781
555
1128
853
1108
861
760
742
647
785
1108
592
1092
605
557
1189
1166
1208
1206
1182
1186
1214
1210
1225
859
1216
790
339
634
655
842
497
459
1157
1237
1198
1105
1185
1170
1299
334
1380
1124
1235
1224
1178
1292
1159
563
390
505
1185
1218
1286
1150
1121
1107
1120
1108
1132
1162
1148
1170
1156
1125
486
1005
497
595
520
1122
1018
1006
606
672
1039
1032
1123
1015
1241
532
1122
1020
1202
597
540
1070
1106
1185
325
660
339
510
414
535
537
566
327
502
1068
1077
1166
1239
1229
1189
1227
1195
1207
1228
1297
1466
1163
1344
1329
1356
1321
1374
1336
1376
1348
7
1277
1135
1133
508
709
1465
1257
1182
1184
1211
1297
1145
1142
1162
1189
500
1042
501
330
137
190
424
566
1245
1191
1231
1237
1201
1239
1230
1299
1253
1172
1215
259
961
393
1045
1473
1473
641
478
633
407
1100
433
1128
1026
366
535
588
537
520
824
759
778
937
797
608
837
1103
991
837
952
1048
568
950
1371
1297
367
942
1265
9
184
23
603
564
584
639
556
558
477
923
1012
1123
924
1128
353
466
1047
556
524
1018
340
586
424
1072
499
1013
600
923
537
584
863
726
1053
380
846
386
303
348
730
860
1200
1229
1226
1249
1208
1218
1190
1156
1156
1164
1462
1411
1293
1195
1162
1199
1201
1189
1217
1204
925
891
1334
1328
185
69
43
50
54
40
179
31
181
42
18
30
1314
571
831
177
153
170
106
92
94
17
163
110
394
866
859
1038
379
997
902
518
945
1231
331
222
241
192
236
194
381
640
888
623
807
869
851
672
343
844
955
802
699
1228
709
1126
411
641
1109
844
1123
327
314
528
1380
1431
1451
1432
1431
1451
1359
1363
1160
1233
1168
1201
1177
1220
1228
579
600
1064
442
250
916
1030
292
1197
1178
281
720
887
913
602
782
581
954
419
608
963
719
485
856
827
915
1219
1204
1156
1226
404
387
644
1414
1412
1228
263
38
104
167
122
61
224
40
289
1049
305
902
404
343
1127
712
262
809
839
378
346
349
1115
389
401
688
549
398
547
802
671
650
1399
1434
1430
1437
1433
1452
1395
1397
1450
1387
1325
1360
292
296
261
935
1196
1009
567
634
968
865
586
1036
555
562
613
603
471
441
510
1278
489
303
738
893
825
455
1176
1243
1204
1176
1427
1447
1447
12
203
231
221
214
245
213
219
202
250
217
34
225
221
229
217
409
397
357
489
1320
1322
1323
180
135
1075
1354
1179
1169
1220
1132
1162
1229
1021
1047
1231
1216
1160
390
613
787
887
1247
1259
1141
851
343
435
520
756
528
131
79
85
245
1351
1122
16
1203
9
157
189
1344
1344
1359
1362
1106
577
406
1102
1054
621
955
482
506
431
508
494
568
595
598
371
580
605
774
863
308
374
1064
392
320
326
348
462
479
502
416
193
1418
1376
1334
1328
1310
1313
1350
1356
1346
1354
1352
1357
1367
1353
1345
1354
1329
1206
1286
1463
1016
1055
393
1466
205
191
192
239
230
200
1249
1405
329
1196
737
502
690
434
935
316
798
1164
1152
1178
1261
948
907
945
501
586
943
299
703
584
429
1184
635
1116
1115
1130
300
1045
1231
503
463
1221
1160
1109
579
630
1125
1096
1127
868
550
991
840
1473
826
837
1069
823
574
307
983
932
845
831
293
553
620
818
675
603
1422
59
37
187
1233
1291
1439
1132
1160
1142
1166
1142
622
1214
1203
1215
1205
1196
922
452
429
1241
690
846
1018
1096
1096
1128
631
22
18
178
1151
1142
403
317
559
784
730
689
687
1106
980
1123
913
1130
876
609
874
448
423
858
411
840
692
793
1268
1249
1173
1198
1284
996
425
813
838
1413
1463
1421
1433
1415
1413
1413
1412
1415
1411
1455
1455
1416
1407
1409
1389
1425
1384
1417
1436
1425
1461
1405
1415
1420
1425
1001
377
993
1226
1235
1219
1217
1190
1255
1295
1432
1390
1144
1170
1144
1158
1149
447
1237
1203
1201
1045
918
1057
1092
441
1045
1232
1138
1287
1142
1224
1293
809
436
1267
1201
1261
1259
1152
1186
1260
1172
1214
1231
1140
1267
1243
1200
1259
1243
1200
1211
1229
302
99
469
531
1209
1243
1219
1158
1222
1178
1202
1215
1330
1334
1319
619
860
1076
967
899
574
890
1130
643
884
284
1014
994
740
921
1473
951
270
1473
1473
1216
1380
1398
1415
47
111
138
111
1219
1150
1211
1153
1215
1147
1142
1140
368
1454
1397
1413
1417
1433
1434
1456
1436
1450
1448
1429
1446
1420
1447
1379
1407
1432
1434
1430
1446
1390
1388
1287
1266
1239
1303
409
1106
461
156
156
1156
1197
1197
1170
1197
1185
1226
1197
1199
1354
1321
1351
1341
1345
1216
1225
308
1110
1077
382
1170
1142
1134
1168
1223
499
293
1063
1301
1249
1186
1167
1186
1189
983
460
597
1031
604
391
103
1011
161
1168
78
106
1150
146
1080
111
1051
682
814
1100
978
1177
1220
1188
1177
1172
1178
1226
1207
1409
848
471
224
196
226
228
203
215
221
1187
1235
1295
620
916
435
1100
1081
950
732
788
524
725
1220
1239
670
658
646
610
1473
1123
1118
1007
342
569
355
386
333
1065
1102
275
603
1100
826
1019
506
817
684
1128
415
1057
761
1362
1325
239
23
1350
902
1037
456
326
1362
1040
989
824
658
892
641
1205
1196
1176
820
1123
480
1473
603
1473
1473
563
1473
1473
421
431
883
1053
554
483
1036
491
618
1106
531
1106
318
1109
550
559
1090
843
444
309
729
328
543
439
1090
375
646
538
1303
1196
1229
1468
1181
1239
1187
1226
1202
1216
1218
1330
1313
1330
1337
1322
1330
1358
1319
1360
1373
1357
1317
1317
1358
1303
1355
1312
1362
1009
1243
1261
1229
291
431
581
1029
1149
1225
1257
1188
1211
453
681
493
328
717
1241
729
1071
413
1145
1135
287
869
721
276
1168
1195
1257
1282
684
1291
764
273
1186
491
1235
842
1201
445
648
1290
246
222
205
228
196
241
1195
1358
1362
1318
1304
1344
1372
1359
1323
1313
1160
48
4
183
175
186
154
1122
933
943
859
181
150
177
73
137
91
130
237
1353
1328
381
1
47
115
71
876
797
1097
803
449
492
1115
1105
614
283
806
298
418
435
386
657
374
710
496
1082
1474
1108
1112
694
700
1093
1110
996
1124
506
524
1120
441
373
469
828
370
1043
1112
815
835
1185
1179
1184
1204
1045
819
523
315
1017
1474
535
1027
523
1106
538
321
474
624
927
686
611
626
1067
1474
1474
330
801
829
1258
705
1344
1342
1330
1361
1335
1204
858
750
440
560
730
727
1125
789
274
455
1105
889
176
158
38
963
818
375
1465
239
265
1429
244
952
872
727
612
567
519
955
725
914
925
1356
1357
1377
1323
1319
1355
1359
1342
1267
1185
1298
1409
1294
1210
1218
1272
1245
1205
1245
1241
1239
1231
1259
1376
1361
288
638
1105
846
433
1237
1294
28
173
116
35
24
44
28
4
164
142
99
67
67
18
61
30
76
168
129
208
240
13
1222
936
724
964
981
637
792
1092
987
667
720
673
716
729
1091
1000
986
970
1092
775
242
1253
1183
1218
1207
145
1366
433
274
1014
1111
14
212
1354
1339
1342
1340
1340
1355
1334
1329
1340
1344
1325
409
1459
1430
1459
1425
1412
1425
1426
1406
1428
1432
1427
1451
1442
1428
119
140
42
136
90
84
92
153
51
188
102
208
200
1332
1340
157
62
1351
1422
933
433
88
1040
90
150
146
46
576
430
565
1071
1317
147
1319
1321
1311
1437
1411
1455
1428
1391
1433
1428
1422
1434
1434
1426
1426
1429
1429
1457
1434
1461
1458
1424
1443
1445
1424
1426
1439
1463
1429
1426
367
1073
994
704
25
660
46
87
1110
511
1105
1035
1112
1107
576
444
982
1424
1091
620
562
128
1344
66
97
135
112
68
996
1113
1127
970
982
980
600
1340
1336
1338
1336
1321
1317
1319
114
68
84
277
148
7
1358
100
5
250
13
99
1332
1334
973
65
404
63
12
135
159
143
118
81
149
47
77
1370
1100
116
180
146
122
142
178
267
269
385
910
1055
677
776
1112
1029
1110
631
922
717
1014
547
408
439
1090
479
588
336
321
809
1453
921
631
910
363
406
408
530
1199
1257
1239
1297
1267
439
765
776
298
549
613
450
533
834
1176
1156
1415
1414
1406
1410
654
440
1138
1438
1406
1413
1412
1411
1417
273
1411
1415
1424
1437
1241
1177
473
1459
1436
1409
1390
1410
1455
1414
1449
1413
1459
1416
1457
1445
1451
1418
1418
1461
1418
1407
1384
1438
1414
1408
1449
1406
1453
1412
1406
1404
1415
1408
1406
1393
1438
1394
1398
1428
1414
1460
1425
1406
1455
1406
1431
1435
1443
1427
1418
1436
1410
1413
1435
1457
1409
1457
1459
1431
1404
1418
1449
1438
1427
1416
780
1109
1203
1206
1272
763
1377
201
243
1291
670
243
1252
743
718
1359
691
756
1474
1265
1469
1469
740
752
758
1357
811
651
1167
232
1357
199
218
784
722
304
648
650
1233
1359
279
1357
661
703
762
696
748
1287
1474
1256
237
804
647
1474
193
1469
1474
824
763
753
668
1469
781
786
671
654
649
1466
1475
1259
738
737
1469
658
1475
814
790
773
242
303
263
711
1469
231
699
1475
1268
195
1
1405
1386
1456
242
449
1223
1214
1276
754
1204
612
491
1010
904
1096
541
328
1094
1126
325
355
1063
447
1355
1427
1451
1457
1227
1203
1297
1227
1227
1221
1179
1221
1295
1247
1255
1417
1433
1461
1424
1433
1189
1199
1224
1225
1312
129
41
163
176
814
822
820
411
333
396
281
816
842
827
1232
1211
1207
1188
1179
1287
1291
1269
1269
1297
1286
72
1466
120
178
941
1463
446
721
465
1116
778
924
267
656
813
351
511
1090
1225
1160
895
839
819
356
359
843
380
1008
1013
510
564
728
392
822
1223
1186
1207
1255
1243
1164
1257
321
1134
1102
1153
1133
592
323
1121
1302
1158
1147
642
897
625
1190
1224
1299
1299
1180
1112
909
374
262
496
1053
498
1051
517
1104
1053
351
1112
1279
549
1124
495
1237
836
1102
296
734
1190
1215
434
583
622
1024
422
585
1040
535
1111
896
315
704
603
506
1068
1124
1121
466
1030
446
1038
948
338
1245
1205
1257
1287
1247
1291
1267
1257
1203
1201
1237
1203
1464
1464
1222
1338
1342
1356
1328
1342
1332
1321
1355
1376
1343
1348
1324
1336
1344
1348
738
1155
1225
1208
1153
1133
458
1151
1143
1198
1217
1180
1220
1162
1198
1182
1200
1465
341
1020
456
1104
663
127
169
126
915
1220
1218
1138
1179
1261
1230
1153
1160
1263
1178
1233
852
1230
1180
232
268
427
1124
365
452
347
1475
1475
1106
506
1055
1025
1012
623
543
1092
1122
441
663
816
403
1090
535
321
295
1094
862
973
603
845
969
885
693
1475
436
705
872
1052
830
261
931
478
153
11
560
508
544
629
802
1122
983
701
1066
891
610
1028
508
557
342
412
634
1076
600
537
895
1073
341
726
1035
1078
793
537
339
1084
508
305
668
852
498
1205
1241
245
1222
1230
1205
1222
1201
1168
1158
1156
1160
1164
1156
1156
1280
1464
1204
1191
1189
1226
1172
1342
1361
1363
187
1467
158
160
132
44
69
1467
1467
70
121
24
54
52
1373
21
1328
1325
785
273
243
186
237
92
116
810
859
900
1130
1125
1249
225
196
208
194
453
592
605
502
1228
868
396
713
862
1196
1217
1280
728
692
827
548
343
255
1459
1455
1363
1351
1355
1359
1182
1208
1184
1230
1238
1140
1469
263
1334
621
1130
645
1226
883
1210
1228
851
1217
686
744
857
712
817
689
966
880
897
744
639
951
1103
1045
1113
961
909
1038
787
1180
1217
736
1414
1435
1438
1438
183
598
1104
1070
804
840
606
1078
1127
279
368
311
267
375
593
894
413
347
372
614
816
1434
1397
1409
1442
1437
1452
1448
1442
1351
1329
1366
1351
255
655
714
747
708
294
940
954
965
738
884
268
1465
1241
820
587
966
1466
485
1128
910
680
463
1186
1241
966
503
1241
1204
1437
1439
220
235
244
222
2
236
227
224
221
205
211
37
223
191
227
402
1034
384
1094
495
53
166
1356
71
1207
1195
1216
1133
1013
420
780
1235
903
947
1079
573
148
49
507
1265
1237
408
94
1462
1305
1297
1201
1237
1250
1039
873
1328
1348
1338
1334
1336
560
449
603
1130
1075
781
323
376
607
1055
495
1070
1025
1104
652
454
573
598
451
603
1130
566
1028
442
298
566
319
472
395
385
463
1130
522
194
1346
1317
1331
1360
1352
1340
1311
1333
1360
1350
1357
1262
1258
699
896
1092
1102
721
1133
1262
204
198
191
204
214
227
217
1263
818
410
1221
1208
330
374
711
775
337
708
260
280
1115
1265
360
37
13
1370
231
937
945
954
853
389
452
1119
1132
1138
1184
394
847
979
1208
1162
1287
470
915
414
1102
635
1140
1182
1291
1146
1115
691
1104
697
1122
1094
1037
1475
991
860
840
823
594
567
854
942
975
366
1058
436
831
531
1129
609
1356
1407
1358
1324
253
113
55
1
136
168
1247
1179
1184
1452
1426
1454
1454
1452
1439
1168
1216
1164
1209
1164
1007
1222
1219
1135
1208
1135
1220
1299
1214
1168
1141
1197
1168
1210
484
537
388
778
1125
615
911
901
543
1466
214
1465
45
115
216
212
1224
1127
587
468
1106
1084
696
764
1108
914
1125
900
1033
643
428
890
889
618
723
642
450
636
636
1083
687
858
280
854
835
718
311
792
1236
1261
1193
741
936
315
337
432
1042
1415
1381
1411
1401
1389
1415
1411
1453
1436
1409
1422
1438
1418
1385
1463
1383
1461
1001
473
1180
1253
255
1428
1394
1299
1196
1259
1239
1247
1291
366
800
1281
1138
1156
1267
1171
479
1244
1246
1293
1132
1132
616
1067
1177
1253
1206
1287
1299
1138
1233
1146
1260
1200
1232
1248
1185
1179
1196
1185
1287
1173
1150
1214
1182
1176
1259
1263
29
59
395
733
369
815
413
1233
1247
1226
1135
1135
1158
1197
1178
1178
1206
1328
1328
1342
1332
1325
622
857
781
512
732
979
852
864
692
971
1045
577
605
669
806
771
956
1475
783
955
868
1475
583
549
1000
1127
1219
1201
158
1416
1380
1408
173
140
117
235
1214
1138
1211
1185
53
564
539
1405
1434
1439
1430
1445
1429
1447
1448
1460
1432
1434
1420
1454
1426
1452
1450
1405
1429
1424
1381
1424
1405
218
1282
1239
1267
1259
1235
1253
1293
443
517
695
59
821
354
488
742
1263
1317
1321
1319
1361
1343
1196
1218
1208
1144
369
1110
1065
1235
1172
1225
1244
1206
1147
281
1133
1263
1207
1234
1196
1275
1207
489
1203
1166
1157
1190
359
616
604
971
459
809
962
1012
922
912
811
1475
376
1044
1049
1443
597
70
105
1170
62
51
1053
1447
79
100
147
1127
1104
995
1374
1188
1188
1186
1220
998
1291
1229
1200
1184
1413
1396
939
934
212
224
251
207
6
1300
1285
1123
761
981
1027
451
1024
470
631
624
706
1172
1187
1475
858
899
930
368
393
402
916
903
700
878
580
583
326
1126
539
364
257
763
354
104
74
1334
1358
1338
181
199
35
1350
1123
1325
1356
164
234
33
826
265
963
969
759
854
854
817
965
901
671
1293
1228
892
1190
1215
1161
729
535
1057
605
711
262
535
424
516
1127
483
1106
1092
751
445
891
446
728
510
594
1077
638
1100
298
1046
1080
680
1104
330
477
846
527
426
431
380
582
1096
881
1053
1115
1039
605
308
370
1033
668
657
1182
1172
1229
1144
1133
1165
1168
1164
1138
1140
1229
1173
1164
1318
1316
1330
1363
1346
1337
1338
1305
1359
1332
1363
1346
1363
1325
1354
1360
1355
1304
1369
884
1257
1237
1277
269
888
317
318
1227
1235
1185
1176
299
295
1228
834
848
382
268
987
278
1134
287
1177
1153
1209
1299
1253
679
776
1111
385
1227
280
554
535
1190
1221
1193
654
712
1203
820
854
1195
1237
1278
605
927
194
1352
1353
1313
1372
1372
1370
1353
1346
1316
1308
1353
1313
1336
1210
36
185
160
106
50
879
922
849
817
8
167
39
138
185
120
102
1353
1353
1328
1358
121
180
160
168
140
31
33
128
170
4
484
488
490
471
752
796
796
481
527
349
940
780
368
457
992
969
529
1112
996
773
671
1464
373
349
861
365
345
1265
1176
1188
403
585
593
338
1066
561
582
352
1088
1035
638
602
305
920
1130
1123
1128
488
697
1475
574
464
1092
1475
1475
1475
1021
1220
686
957
1090
991
1115
962
1341
1332
1332
1342
1342
1358
1348
289
1224
1126
872
572
904
336
1128
1123
610
1126
1027
625
805
281
942
1087
1048
602
806
1035
633
197
93
130
21
187
1465
1119
1125
241
1439
1465
844
580
715
674
653
736
765
612
592
474
555
839
580
1230
899
421
1126
616
1353
1311
1321
1352
1360
1323
1356
1323
912
1233
1223
1231
1235
1229
1227
1245
1227
1208
1362
1362
1353
1362
964
282
16
14
74
56
48
21
63
121
30
22
156
36
230
5
109
242
244
944
517
277
490
971
959
483
652
731
509
942
950
762
948
643
878
1002
993
706
704
304
735
819
727
462
976
471
1103
715
978
1159
1261
1145
1191
1134
1149
1151
98
1106
315
919
1029
1130
1311
1356
1342
1350
1359
1332
1345
1359
1340
1358
1309
1331
1317
18
1210
1184
1140
1428
1435
1410
1428
1426
1428
1430
1443
1400
1427
1430
1426
1428
1444
1442
1444
25
9
98
126
56
12
76
108
123
200
176
88
220
131
1336
200
1334
10
141
1378
1351
1456
1115
986
883
536
113
485
498
1000
969
161
1355
38
937
1354
1338
1336
1411
1413
1420
1428
1456
1447
1413
1434
1429
1445
1443
434
606
1151
1152
1025
1010
1107
336
1149
103
87
898
1045
1079
812
792
941
1133
995
60
1045
183
1080
934
987
976
828
1359
115
15
1465
144
64
68
1104
121
234
99
745
980
981
968
1110
1090
1110
77
1338
1338
1323
107
125
41
173
59
170
208
62
91
223
104
106
98
110
93
45
234
1138
974
26
54
87
53
141
64
1374
102
992
71
15
678
115
85
625
1040
714
1131
302
510
1122
1077
1100
633
685
1043
445
867
734
1094
1096
1074
1010
813
328
608
406
1368
1348
1373
1334
1348
1374
1320
743
488
923
1007
897
468
956
823
1178
1189
1187
1189
1026
861
569
1476
687
1476
1466
1144
1404
1408
1387
359
578
899
1219
1414
1450
1461
1386
1427
1404
1420
1393
821
458
1378
1301
1243
1195
1226
1225
274
525
1449
1386
1413
1451
1422
1427
1416
1412
1449
1453
1436
1427
1436
1435
1408
1414
1455
1410
1431
1428
1431
1453
1384
1399
1414
1438
1461
1385
1436
1417
1455
1406
1436
1422
1461
1431
1416
1422
1416
1425
1449
1416
1434
1406
1431
1408
1432
1435
1412
1459
1416
1414
1444
1422
1451
1435
1431
1436
1438
1432
1449
1449
887
1241
1245
880
1183
1352
752
300
720
255
1295
1249
770
266
802
1246
669
1249
749
1240
1359
1235
264
1296
239
1242
1265
1255
736
718
673
1469
1265
1267
728
300
1265
683
1265
768
716
1476
1477
723
1477
764
741
1469
1259
249
1253
1477
216
1263
260
707
1259
1255
1477
282
669
1258
294
1282
649
746
807
1252
746
742
1265
229
772
1269
1359
739
830
667
1377
666
1257
762
1477
662
696
1477
755
735
1295
800
1469
755
761
1409
1405
1409
1378
1415
1417
253
1229
1199
1190
1135
646
1096
891
1176
635
1443
1430
1055
615
314
460
619
1126
579
1375
1361
1361
1372
1350
1357
1348
1321
1436
1459
1451
1457
1418
1223
1199
1269
1214
1229
1231
1235
1223
1199
1229
1223
1203
1413
1206
1189
1180
1206
1180
1210
1233
36
1211
1299
1329
1329
1329
5
1372
152
181
402
383
789
1266
1179
1182
1134
1274
1243
1294
1147
1465
1465
1056
646
364
623
504
653
854
1231
1221
266
367
346
829
532
568
411
389
412
1219
1253
1227
1255
1208
1235
1152
429
1158
363
1128
1241
1200
1124
318
1187
555
1126
1164
1228
1142
1129
1062
1016
425
919
615
1110
1090
1092
1140
752
1200
1176
1228
1294
441
1083
841
532
1112
369
492
1160
1135
1134
569
341
855
1134
1100
1209
950
1116
371
1064
384
1054
1162
1185
506
1106
1048
510
544
310
1069
1064
320
499
1041
1037
1209
1237
1240
1300
1295
1201
1465
1189
1177
1317
1352
1324
67
70
1244
1184
1469
483
307
1145
1217
1176
1208
1190
1201
1295
1466
850
428
344
1122
169
104
1368
1366
163
644
1208
1164
1132
1144
1157
1259
1302
1231
1193
1147
1266
1186
1168
1148
301
1241
1096
1115
1086
350
482
504
408
1477
1477
1090
1053
541
312
1115
808
1033
930
1047
797
1006
1113
414
912
431
1086
445
289
382
583
350
960
960
958
1068
904
1116
938
511
270
754
516
993
1287
1233
799
941
548
503
811
810
603
562
689
911
1115
1085
905
907
512
1104
1057
392
596
581
314
1078
306
350
561
1128
682
322
571
1075
1115
1055
332
605
273
517
603
1263
853
394
482
1259
1184
1224
1230
1162
1164
1156
1162
1160
1148
1205
1162
1210
1215
1172
1467
166
132
25
75
89
103
9
7
1328
24
103
1362
1332
127
69
179
80
112
685
874
1130
485
348
1187
223
230
1059
1046
617
601
314
1209
783
383
414
889
699
854
337
854
877
1287
836
383
1074
344
489
376
1046
1451
1451
1388
1416
1459
1359
1353
1307
1177
1220
1299
1222
1263
312
1128
938
1131
422
788
1072
842
624
898
855
783
963
949
563
921
949
885
1105
271
922
575
1071
1001
656
611
962
975
881
917
1
1222
1204
1206
716
683
708
518
1405
1400
1412
1459
1455
1414
1398
1288
807
184
118
736
410
369
630
1050
1067
653
673
645
1068
523
565
1131
263
678
1128
637
800
466
442
749
1221
609
505
542
279
650
648
658
1456
1437
1407
1384
1410
1446
1417
1395
1362
1368
792
735
1170
1209
1465
1291
1303
1293
1002
1045
730
519
346
529
335
287
464
373
452
458
1216
1239
1224
805
463
431
632
1008
1243
1206
1455
1447
1431
220
250
223
220
204
213
301
537
416
461
371
1360
1356
1319
155
100
114
1323
1338
47
621
1230
1216
1153
1186
1027
537
450
1106
633
1185
1122
617
1469
1207
1247
1257
1144
1179
1253
461
530
418
49
1104
504
347
460
936
443
747
190
156
1317
1334
1360
1376
295
573
329
449
1042
516
1088
417
1122
354
530
526
427
472
388
598
1128
537
591
1130
847
577
614
575
334
630
401
591
520
1247
227
233
238
207
1417
1329
1348
1358
1322
1350
1360
1355
1323
1342
1315
1340
1334
1346
1275
379
1465
1091
233
226
211
211
218
254
198
197
1247
1188
1243
1224
1187
1225
1197
1207
1239
387
688
732
360
487
1059
1217
1180
1178
1305
1312
1362
169
947
868
989
1017
561
1270
1243
1148
1092
1115
629
1062
1195
406
479
1214
1255
1270
1196
1155
1253
685
433
803
952
575
535
1477
1124
586
836
418
888
837
977
826
275
364
524
932
1032
1100
823
1422
1317
1351
155
1273
1290
1274
1269
1295
1275
1439
1439
1454
1417
1178
1197
1142
1166
1166
1205
1162
1144
419
1112
319
1225
1140
1278
1179
1158
1144
1166
1140
1433
1437
1132
1186
1151
1216
205
623
539
669
372
688
465
1125
395
487
550
334
1463
186
127
166
161
136
216
1228
717
257
537
607
521
953
974
1091
999
1097
1114
990
869
1094
854
1033
1125
1090
1129
1108
1048
624
924
1089
920
433
694
994
1287
380
370
353
274
304
441
810
397
819
714
337
1461
1420
1404
1405
447
1405
1383
1418
1405
1413
1388
1383
1411
1409
1420
1408
1382
992
1200
1156
1135
1190
1202
1284
1284
3
1176
1237
1182
1209
1239
1211
1259
1138
1287
1155
1132
1070
1239
1203
1301
1205
1170
1288
1168
1282
1256
901
1127
1057
1032
664
1292
1261
1215
1152
1184
1229
1182
1177
1143
1291
1257
1291
1291
1274
1164
1297
1245
1180
1291
1269
1261
1151
10
32
373
964
377
932
1245
1210
1148
1142
1172
1135
1217
1176
1204
1180
1330
1334
1315
684
535
640
967
883
893
447
757
854
827
990
345
769
749
724
882
835
541
302
1293
1425
1408
1417
1461
1415
1144
1211
1140
1221
1142
1142
1106
516
310
1124
1407
1460
1443
1429
1433
1454
1445
1443
1426
1429
1430
1461
1434
1426
1406
1447
1424
1404
1434
1432
1443
1462
1462
1461
1185
664
1271
1293
1241
584
487
27
81
807
1224
1463
1325
1325
1323
1320
1315
1325
1360
1375
1190
1170
297
873
733
384
1214
1149
1250
1293
1150
1295
847
667
1229
1223
1177
1188
1188
1276
1168
1170
509
1158
1170
1184
443
613
307
989
770
1450
1391
1463
1463
264
473
325
695
698
318
40
1323
1445
519
149
1132
1321
85
119
813
1321
143
111
1102
129
538
143
114
139
541
1166
1188
1296
1201
1211
1179
1177
1255
1297
943
192
213
222
225
1249
1270
1295
1198
673
753
1096
1115
1110
333
722
698
634
1103
1118
1477
1090
1477
629
918
462
412
348
319
1059
750
1104
272
605
644
787
798
678
680
358
410
1372
1342
1355
1354
1325
1336
182
14
43
1356
1352
919
306
238
148
152
188
52
1045
603
449
493
961
928
394
694
863
965
453
647
1128
1152
879
462
528
485
443
825
306
1477
443
453
422
451
1197
527
1015
639
1016
639
903
533
753
485
874
1120
1050
342
396
477
483
351
629
808
1107
345
743
310
326
464
1206
1257
1208
1298
1255
1204
1134
1169
1202
1210
1324
1363
1328
1339
1348
1344
1348
1307
1305
1335
1359
1339
1363
1220
799
432
704
724
1265
1041
737
1206
1298
1196
293
723
710
1255
854
1177
1188
372
356
731
829
1160
1179
1267
1143
407
1163
690
659
822
1241
1247
1004
893
470
1300
357
834
1207
1235
252
217
219
197
1216
1356
1363
1374
1346
1338
1362
1350
1142
1170
1144
1199
230
10
117
175
186
1000
998
952
945
869
949
862
940
532
169
150
36
144
206
226
27
125
73
189
144
152
167
1467
1358
1349
179
85
35
173
11
66
107
159
993
713
737
276
790
486
381
442
272
605
358
801
277
1477
1089
978
1477
784
976
1102
785
970
997
573
372
922
601
492
854
688
395
1198
1196
918
537
354
1102
1107
905
1109
1092
571
1120
1108
570
1046
1105
1108
892
344
391
782
920
1125
1090
1126
320
1104
1065
1478
1478
1480
1480
1480
1124
1480
457
725
1127
604
1090
364
689
953
968
1003
1127
980
1125
982
1339
1354
1095
928
637
707
1002
664
565
1030
640
534
587
1121
480
599
839
258
866
959
1009
458
1038
911
207
977
959
864
1017
875
572
655
576
560
443
487
501
493
536
1228
1066
1322
1347
1357
1323
1358
1357
491
1435
1426
1094
123
