7391
1435
1217
1227
1241
1243
1259
1265
1217
1269
1257
1360
1325
964
1096
1239
1249
1249
720
1024
1216
201
212
177
175
232
90
228
201
91
176
190
199
230
154
63
218
1214
579
1133
825
889
883
774
537
1105
622
537
868
858
537
809
1105
537
560
988
825
537
304
547
478
772
1088
537
1218
1293
1231
1158
1231
80
147
537
342
1130
537
1180
1215
1215
166
1324
566
1355
1320
1325
1471
1329
1342
1356
1340
1340
1340
1325
1325
1340
1471
1334
1328
1330
1342
1342
1358
1362
1140
1426
1444
1445
1416
1416
1437
1445
1428
1437
1447
1444
1432
1428
246
220
127
1172
1138
149
48
67
127
181
30
135
236
74
98
69
10
36
1342
66
48
136
98
1360
1346
1338
664
530
112
652
1034
652
750
869
140
863
167
1138
605
219
1354
1350
132
93
1451
1453
1435
1445
1432
1422
1422
1414
1416
1398
1400
1380
1445
1404
1451
1404
1412
1414
1396
560
173
537
584
594
863
674
86
1138
916
1435
744
782
828
594
630
903
456
1138
34
98
135
554
97
87
693
622
772
440
282
1344
1312
1328
201
63
168
178
12
14
70
71
111
66
111
24
30
86
120
85
120
1340
622
983
537
537
138
66
22
392
693
559
320
44
65
253
686
537
879
879
948
1132
1059
532
488
723
430
822
643
726
535
446
535
576
1092
1449
1435
1467
1348
1357
1355
1367
1374
1360
1356
1376
1337
1372
1348
1375
280
963
1035
952
1016
1001
535
1460
1178
1178
1178
1220
1178
1206
1473
1215
1202
1188
1215
1215
1241
1198
1229
1227
709
531
936
546
531
864
667
869
1176
1152
1152
1455
1464
1435
1459
719
899
1433
1449
1457
1433
1449
1439
890
867
1380
1433
1255
1239
1204
1215
1249
1230
919
1443
1447
1426
1443
1430
1394
1410
1449
1459
1436
1428
1410
1436
1443
1466
1466
1418
1439
1434
1453
1466
1434
1456
1448
1438
1406
1459
1434
1410
1418
1447
1443
1439
1434
1433
1406
1438
1422
1406
1439
1439
1433
1433
1420
1448
1435
1418
1439
1454
1449
1394
1396
1388
667
748
988
736
1218
1079
1363
531
250
250
225
1299
1215
1122
252
1215
937
937
1129
1487
1487
1473
531
529
1126
63
1325
1293
1473
1224
1375
1122
1126
1473
1473
1473
1471
953
1487
990
529
1215
1122
1128
1369
1215
1124
1075
529
1124
255
1215
1487
1215
1487
1274
1264
529
527
1253
1215
527
953
527
911
1281
1242
527
1129
1126
525
1130
1215
1075
61
1274
525
1036
1487
1485
996
1374
244
942
996
525
1224
1122
525
61
523
1473
1325
241
953
523
61
1485
523
1459
61
249
1160
1198
1188
1214
1408
284
350
266
1485
402
366
398
742
266
1363
1355
1342
1325
1346
1384
1221
1260
1218
1215
1227
1247
1433
1455
1433
1408
1408
1432
1408
1178
1200
1180
1206
1196
1225
1325
215
1086
1126
1078
1124
1124
1215
1211
1200
1142
1211
1211
192
112
87
1471
468
1076
1092
718
670
957
1068
1106
502
378
523
270
911
557
521
1068
854
521
896
540
1180
1211
1086
1467
1226
521
846
521
656
519
519
1090
950
1262
1269
1200
1156
867
797
519
566
1414
950
1230
1184
1485
1154
1204
1186
272
916
1166
1166
1218
1190
696
519
569
759
625
404
384
517
328
1168
1188
548
569
760
586
412
1148
758
617
835
506
394
541
517
1299
709
517
276
517
348
690
512
484
406
298
626
1485
838
592
696
713
1274
1211
1211
1217
1226
1204
1220
1249
1223
1156
1359
1332
1355
1336
1357
1344
1342
1354
162
1172
1172
1211
708
1164
1144
1190
1154
1144
1255
1217
1211
864
1259
1255
1078
154
90
1248
1222
1196
1267
1211
1245
1211
1160
1180
1035
994
1096
1230
1239
974
842
856
1485
1485
370
515
614
534
470
518
515
663
515
515
854
954
723
374
346
511
511
829
918
1103
1042
424
308
1127
574
926
511
738
1485
834
851
962
918
1084
1223
1211
1284
888
788
452
1080
758
237
202
256
256
1104
598
818
466
352
511
550
771
584
624
655
509
810
480
957
771
504
720
509
1057
494
603
603
480
785
1050
752
991
793
1247
1055
1053
852
1263
1239
216
1182
1170
1160
1229
1188
1170
1170
1467
1211
1178
1196
1196
1146
1196
1162
1204
1196
1237
1239
494
542
59
101
97
93
146
194
1433
137
187
91
162
108
130
206
83
194
59
84
64
148
886
224
464
464
790
1221
828
962
1082
509
1103
1107
979
1216
1184
1013
636
807
785
462
636
636
854
502
524
885
606
922
714
59
1406
1449
1420
1457
1447
1418
1325
1162
1293
1219
1168
1200
1221
1473
1202
943
410
704
1308
747
1053
312
509
1133
1042
1117
1124
507
555
747
599
1065
903
364
788
956
507
562
605
923
767
1220
1204
1249
1237
1220
1448
1430
1436
1457
1424
1420
507
50
212
1071
623
507
820
565
550
372
505
829
623
505
769
724
494
344
808
524
850
505
505
934
1452
1433
1452
1458
1455
1449
1437
1452
1348
1348
1356
1367
1362
1356
1356
503
503
503
965
1029
1211
288
468
493
1063
635
926
770
850
789
879
493
1208
1221
1257
1262
1211
1211
900
902
837
1072
872
1328
1434
1433
71
227
52
59
943
493
493
612
402
658
491
744
491
1355
1357
173
24
122
1324
774
1257
1219
1218
540
743
540
491
1221
1231
566
296
491
148
491
1260
1269
1269
1221
1211
1267
1220
1263
1110
491
1433
761
1130
442
831
1267
1240
1303
939
875
1341
1330
1324
900
370
644
904
830
1092
300
745
607
491
424
582
306
540
1031
866
804
672
456
995
705
603
55
55
1433
1360
1325
1322
1352
1339
1362
1354
1363
1350
1342
1360
1357
1325
1346
1209
920
906
491
1228
1224
1209
542
916
1172
254
2
55
55
242
198
18
53
52
1255
1293
1299
1209
306
489
1115
919
1092
486
603
1150
1144
1223
1190
1300
208
53
1332
712
635
955
635
712
927
226
848
792
1051
874
1210
1209
631
723
722
723
1257
732
1247
1263
1190
1226
1156
1214
1166
268
570
587
280
1132
336
634
955
998
1102
610
1001
1067
814
1094
1132
994
979
917
928
1434
1330
1378
1356
1345
106
1469
213
50
1469
212
1209
1209
1209
1246
1455
1445
1414
1422
1196
1210
1172
1146
1219
1138
746
1261
1219
1209
1144
1134
1134
1134
1134
1158
1186
1138
1216
1182
1134
586
763
1109
974
414
272
386
549
800
765
968
800
603
40
179
228
76
189
174
154
1079
1040
630
1037
812
320
988
522
274
806
559
698
312
489
608
605
621
916
534
873
489
621
698
580
957
456
1112
489
907
845
1101
849
1132
1209
999
1054
1027
1132
489
1434
1433
1433
1433
1431
1420
1431
1418
1431
1410
1406
1410
1455
1438
1431
1460
1431
1431
1431
1431
1438
1431
1431
1431
1042
1210
1210
1210
1209
1436
1217
1243
1200
1221
1209
489
1210
1209
1204
1263
1209
489
1162
270
410
410
576
1222
1209
1172
1247
1209
631
805
504
1297
1209
1207
1245
1217
1207
1146
1160
1198
1207
1218
1207
1207
1229
1158
1207
1207
1218
1217
1254
1253
1166
1170
1180
1217
167
213
1039
1016
1225
1144
1206
1206
1150
1168
1206
1202
1168
1220
1184
1168
1366
1346
1355
905
1044
1056
962
574
1065
988
836
598
466
886
489
487
975
854
1485
679
919
661
1208
1428
705
856
1431
1431
1431
1431
85
179
78
140
53
46
1224
591
1431
1404
1426
1426
1420
1429
1429
1408
1429
1450
1404
1420
1414
1455
1432
1421
1450
1455
1404
1421
1380
1410
1421
1421
1419
1419
1296
1207
1290
1207
498
940
669
594
746
639
502
544
661
151
604
1230
1291
1184
1359
1350
1328
1332
1343
1334
1325
1370
1228
730
1229
1207
1207
1299
1232
1200
1224
1239
1186
1255
1178
1291
1170
1198
1182
1207
1182
1182
1208
920
754
637
827
487
1459
1419
487
536
110
1408
1162
65
1208
135
487
487
92
1142
18
48
53
54
128
51
8
50
1204
1267
1216
1207
1101
1455
1419
1110
508
508
1466
6
32
221
1207
1268
1207
567
418
487
818
686
848
1106
567
914
1176
1207
1467
1205
1205
1205
492
916
898
436
1485
1485
697
316
487
578
918
997
487
1104
510
916
625
1127
474
850
485
485
485
402
899
645
1021
1127
1127
185
104
185
186
1348
128
1338
1323
218
1336
1328
1363
44
4
187
1063
1019
642
928
938
913
1017
764
543
824
616
1020
854
1286
1221
1012
1226
1104
1100
841
638
1485
722
1485
434
434
434
294
294
598
831
485
619
436
619
605
290
485
667
508
976
452
468
310
426
1059
556
290
485
470
426
810
1249
1227
1164
1188
1144
1190
1200
1188
1144
1352
1336
1358
1341
1352
1341
1373
1355
1164
485
1302
1100
485
1224
1216
1205
1247
1247
1046
1225
1248
1288
1245
1205
1128
1100
1107
1244
1272
1094
1246
1287
557
483
1108
1094
1294
73
1205
1354
1323
1358
1361
1342
1323
1342
1340
1316
1334
1332
1339
1362
1329
101
164
97
103
103
504
941
414
980
1107
986
192
178
116
148
1363
1358
1328
886
950
756
184
160
200
118
483
288
288
483
657
288
1050
745
483
683
607
683
1485
671
388
420
708
483
547
754
478
1047
666
943
483
483
585
518
920
600
585
585
683
1111
1111
1111
1130
1205
1270
669
713
617
900
398
684
922
408
498
512
526
632
876
1026
570
725
444
444
607
408
1485
1485
486
1483
618
483
1128
1018
1108
943
416
392
1338
1338
1314
1333
1348
1359
1359
1378
122
1473
1214
767
481
678
558
854
659
1090
481
555
481
596
481
479
875
479
875
479
1108
1094
186
185
803
506
51
1088
1002
731
737
977
1096
926
1049
1090
610
1054
479
394
743
328
1323
1323
1335
1336
1310
1358
1357
1369
1323
1332
1205
1265
1243
1231
1263
1198
1231
1231
1371
1362
477
964
477
936
776
477
1055
1249
1255
1205
456
995
687
477
137
216
180
162
225
170
206
51
152
113
152
190
245
235
208
244
215
72
80
1223
473
473
721
579
858
473
473
1096
471
471
888
1120
388
772
471
420
471
721
376
693
314
478
666
547
1055
868
1266
89
76
605
469
1205
840
1000
1301
1205
1301
1340
1352
1342
1342
1328
1337
1355
1354
1361
1312
1320
1340
1320
1323
1323
1374
1358
1352
1363
1338
1198
1176
1378
1439
1437
1428
1459
1437
1416
1426
1426
220
1243
161
185
544
1138
44
12
1334
87
78
52
251
38
38
80
1346
1360
1400
860
998
70
764
177
728
720
728
1108
887
1138
1330
1331
122
1414
1417
1426
1392
1398
1445
1386
1380
1418
1386
1426
1408
541
765
639
877
710
322
1172
184
469
213
469
605
924
841
1130
755
543
822
1138
392
606
1172
695
1037
169
99
68
129
169
152
1158
125
98
163
508
1328
469
440
338
282
677
478
818
1306
1328
1312
88
60
111
65
14
71
54
558
75
110
28
10
102
93
132
274
744
858
601
138
82
128
88
36
54
103
467
102
467
889
93
46
418
920
963
344
725
948
467
682
806
1109
660
603
745
907
1094
1132
1092
932
1356
1368
1359
1371
1323
1372
1372
1367
1274
467
364
824
755
1130
881
1016
952
940
882
1025
1127
1178
1206
1178
1178
1206
1226
1269
1269
1269
691
761
450
757
332
1205
1447
1454
1428
1448
548
1457
1417
1239
1417
1417
1000
1466
1417
1404
1417
1239
1287
1259
1446
1435
1430
1424
1412
1447
1412
1412
1465
1434
1412
1412
1404
1465
1396
1439
1396
1410
1418
1410
1453
1428
1428
1457
1443
1422
1454
1443
1453
1456
1457
1438
1408
1451
1430
1418
1446
1443
1449
1457
1447
1447
1417
1424
1446
1406
1418
1439
1417
1448
1439
1453
1424
1424
1453
1422
1394
1394
1410
1422
1418
1267
715
1225
1176
1202
764
1001
1214
892
1261
1208
1473
1133
1297
1483
1323
51
1205
990
465
465
1205
1369
49
1469
1205
1293
465
1483
49
1323
1372
1131
1205
1122
1124
1304
455
1471
1074
455
1300
1293
1234
455
1323
1203
1469
1323
1203
1203
1203
1074
1203
911
1376
455
839
1372
1126
1483
1483
1203
453
1203
1052
1128
453
1114
953
1295
1295
453
1052
1106
453
1252
1300
451
942
1122
1203
1483
49
451
451
1473
1203
1203
451
1203
449
1473
1466
1417
49
1459
1459
1417
1417
241
1261
1266
448
316
920
1455
484
754
763
492
270
1483
970
368
366
759
1344
1353
1373
1357
1350
1362
1308
47
1259
1203
1276
1261
1267
1246
1261
1241
1267
1228
1219
1247
1230
1202
1203
1202
1241
1337
156
1055
1100
1116
1242
1203
168
47
87
1469
1469
1133
872
1223
1466
1354
1132
972
449
775
449
961
342
449
376
1070
449
449
449
449
308
1108
270
724
641
1210
1160
1200
1267
1180
1228
1180
1238
1196
1094
1248
447
950
966
447
1107
1035
956
1291
1295
1263
614
1236
1240
1203
796
1466
358
1203
1214
1220
1201
1286
804
899
1010
1196
1257
1201
1160
528
534
537
536
1166
1198
1158
1156
1188
554
625
572
646
460
690
428
663
629
763
1114
752
655
596
508
1255
801
418
542
1223
596
679
596
258
1219
760
447
348
528
447
348
276
576
845
774
587
587
1166
1243
1227
1222
1243
1257
1240
1225
1201
1468
1223
1342
1344
1344
1322
1362
1334
1344
1357
249
1201
1172
1172
669
447
1468
1263
1164
1164
1263
1201
1236
1158
1150
1265
816
398
1003
816
34
221
727
582
1265
1228
1241
1298
1253
1261
1261
1201
1201
1222
1292
447
1094
784
354
1483
1483
699
654
530
952
272
729
492
729
1092
676
588
298
881
1127
1090
447
750
447
712
1086
600
1017
1017
1086
702
738
1057
1323
1201
691
917
1287
202
220
199
539
352
598
903
336
352
861
743
624
664
1008
332
1050
713
396
450
972
624
939
602
755
617
995
603
847
1008
597
676
714
1122
426
1092
1021
1031
445
1031
1090
1102
1255
1243
1214
1257
1250
1226
1188
1170
1188
1182
1417
1417
1193
1247
1196
1222
1196
1225
1214
1206
725
605
1338
1360
194
103
68
129
170
175
170
232
137
149
206
180
1348
912
1027
167
147
189
64
64
64
214
163
30
1120
926
674
616
445
583
837
695
728
1226
799
224
47
165
47
141
968
500
1100
925
1133
979
1094
445
1107
1107
1108
1111
1096
1228
445
464
927
773
462
1109
368
902
885
782
1466
1420
1388
1438
1424
1424
1323
1323
1162
1193
1178
1270
1164
1182
1184
880
799
648
799
45
707
599
445
1184
1214
1130
1094
1126
887
767
445
928
778
1032
661
827
1094
921
1090
977
827
1278
1225
1202
1202
716
892
586
1453
1436
1219
445
37
46
144
89
151
222
111
445
422
793
823
1024
1110
706
443
443
443
443
1004
852
597
597
1058
1110
443
736
934
736
443
443
443
1454
1416
1445
1432
1416
1432
1454
1452
1458
1452
1330
1356
441
441
441
1029
1208
380
748
1077
1045
997
770
740
593
556
842
655
923
906
843
1193
892
441
1052
920
1020
778
1223
1230
1202
1220
1410
1390
1390
255
183
37
107
216
37
141
165
32
37
32
256
100
107
35
71
1130
789
877
658
1329
1329
1318
151
50
308
1354
1226
1190
1249
1140
1180
1284
603
378
1243
1216
1168
785
605
441
1008
1253
1253
1239
1092
1103
921
906
975
865
46
16
131
35
1321
626
187
1247
230
188
188
1344
1352
1321
1374
262
588
1054
520
592
901
1112
633
556
633
426
921
424
568
572
662
591
526
441
441
787
638
546
1003
773
970
930
694
694
752
760
251
1457
1366
1339
1340
1360
1336
1325
1350
1376
1361
1342
1321
1321
1368
1360
1361
1360
1236
1297
1466
390
488
845
1469
143
165
211
35
35
141
1276
1417
1030
1219
1127
603
1115
612
1010
791
441
1150
1150
1150
1299
934
715
863
1028
635
981
439
1090
823
500
1208
500
268
500
318
439
292
1241
789
757
1247
1154
623
734
734
268
530
336
1073
595
634
1038
1483
1073
880
614
1057
634
748
837
1096
1073
955
1073
610
894
1077
439
814
1418
106
33
207
1193
1191
1432
1180
1162
1134
1140
1148
873
1198
1243
1261
1282
1217
710
757
620
1288
439
970
549
264
260
346
963
150
242
203
1152
1142
1112
951
678
435
1122
1069
1115
274
547
650
916
312
621
898
567
898
1010
707
1132
1133
1130
435
1191
1287
1295
1265
1191
1092
807
435
1100
1417
1417
1415
1434
1415
1415
1415
1443
1415
1415
1406
1410
1449
1415
1415
1415
1428
1415
1415
1412
1430
1415
1415
1415
1415
1453
944
1055
721
1263
1296
1210
1210
1184
1253
1191
1436
1464
1146
1204
1156
1144
1156
846
1297
1218
1231
340
537
356
356
587
330
1189
1140
1189
1152
1223
1189
435
732
1257
1226
1231
1293
1158
1241
1189
1158
1231
1266
1134
1269
1257
1230
1231
1217
1241
1265
1222
433
184
961
1015
1259
1249
1225
1168
1202
1206
1220
1230
1329
1334
1336
976
1037
758
941
725
903
1029
378
707
836
433
594
1066
1106
951
1483
1092
433
1483
1483
1219
1415
1453
1413
67
12
145
14
1229
1142
1229
1142
1188
1170
1134
1134
987
1460
1459
1458
1413
1455
1416
1450
1410
1450
1420
1438
1450
1413
1392
1466
1413
1445
1445
1442
1455
1451
1451
1189
1189
1265
1189
692
378
843
208
202
1220
1230
1217
1184
1223
1229
1220
1184
1214
1332
1328
1321
1370
1370
1216
1210
633
408
408
793
1148
1146
1180
1148
1249
877
433
554
1189
1218
1182
1244
1182
1162
712
705
645
653
843
838
136
599
102
1222
160
14
1200
154
560
54
306
433
433
314
560
1243
1226
1208
1258
1156
1257
1257
1267
1413
1113
642
205
52
205
205
124
100
165
1190
1189
1189
805
775
679
296
470
1025
914
433
1059
1108
1223
1295
433
431
679
563
1483
410
510
727
918
901
927
968
856
667
494
1064
607
356
1132
537
563
431
431
565
997
564
1133
1356
1343
36
219
1361
1068
632
672
765
1361
865
872
1094
431
998
992
1263
1226
1208
1094
454
884
1483
568
1483
1481
434
1481
1481
663
844
861
553
821
810
356
789
775
510
896
258
625
350
588
460
310
1064
813
877
431
458
640
606
300
1094
922
872
1189
1263
1180
1473
1219
1259
1229
1184
1190
1227
1257
1329
1342
1334
1352
1352
1329
1358
1330
1359
1321
1378
1341
1332
1338
1363
1370
1357
1361
637
1265
1247
1269
1126
754
656
802
1164
1257
1259
1164
1263
708
431
1042
970
1102
1245
1132
706
1034
1164
1259
1127
1048
1103
1125
1160
1253
1284
1189
431
1299
431
1053
1164
730
1295
1058
1221
873
429
1189
33
183
198
249
124
33
1234
1354
1362
1355
1321
1350
1316
1321
1330
1332
1170
150
236
101
75
217
217
583
913
1072
1118
145
105
178
114
62
131
105
33
1353
1330
986
225
92
149
135
1104
429
671
429
454
785
600
524
949
429
1092
427
830
690
1014
427
830
1133
1053
545
1481
545
545
1105
1115
420
304
868
522
601
812
506
448
801
780
695
780
518
502
1014
1096
1228
1182
1176
1249
298
1067
761
878
676
1481
554
740
856
284
800
991
654
865
876
958
776
1012
354
1481
1481
638
417
1124
1303
417
1346
1348
1333
1321
1376
1184
836
1124
762
528
417
954
574
417
415
875
954
914
186
223
31
1020
1120
982
1466
130
415
1414
254
1053
1106
849
1065
610
921
415
415
618
910
1350
1321
1362
1318
1306
1321
1321
1333
1189
1292
1189
1413
1189
1228
1162
1187
1231
1269
1245
1227
1282
1218
1231
1363
1321
1096
965
886
1079
1112
1255
1187
187
183
131
190
180
113
226
252
215
184
175
139
176
206
176
226
129
161
67
217
31
254
1223
1104
1104
1096
983
741
413
388
700
413
1108
413
413
1108
825
811
944
772
314
1113
31
1187
1293
1265
1295
76
1361
448
1092
581
727
234
219
1366
1362
1352
1310
1328
1321
1320
1350
1328
1352
1336
1100
1435
1437
1426
1428
1437
1428
1432
1460
1428
1438
1447
1435
1437
1416
90
152
110
136
28
30
22
166
16
166
24
234
2
1329
1334
128
48
1360
1416
1013
689
92
913
70
102
182
125
696
869
822
584
1328
74
1331
1330
1331
1442
1413
1384
1448
1437
1432
1435
1426
1422
1422
1426
1398
1426
1404
1384
1445
1413
1451
1416
1380
1380
1404
1414
1414
1413
1412
1414
924
446
915
411
199
411
86
167
412
1046
710
710
442
642
616
913
1053
1404
643
991
702
127
1344
26
132
16
123
90
440
338
338
440
338
559
681
1334
1312
1328
1304
1306
1328
1314
114
86
70
411
159
238
1332
28
252
31
251
146
1334
1344
650
181
986
180
236
26
189
8
114
8
158
76
82
1360
416
158
213
173
161
156
215
411
409
1025
776
404
409
409
386
488
292
682
686
409
532
726
796
446
446
782
645
816
874
1133
1418
978
762
824
881
881
882
974
1230
1298
1267
1187
1269
694
792
407
407
882
734
986
849
1113
1176
1241
1413
1448
1437
1428
1114
768
1148
1438
1457
1413
1430
1413
1413
1127
1413
1413
1414
1432
1258
1241
902
1412
1412
1465
1453
1443
1410
1456
1406
1465
1422
1446
1382
1382
1382
1456
1456
1413
1457
1411
1466
1443
1446
1438
1422
1453
1424
1453
1434
1448
1411
1434
1453
1411
1435
1457
1459
1444
1456
1411
1438
1447
1412
1443
1438
1430
1430
1438
1457
1443
1436
1411
1438
1424
1411
1418
1420
1432
1439
1453
1435
1444
1430
1457
407
748
1245
1202
1187
1126
1368
241
29
1187
1070
29
1187
839
1124
1374
407
1122
1481
1224
1473
1473
937
911
959
1369
405
990
1227
29
1375
241
250
405
1132
405
839
405
1187
1375
403
1372
403
1124
1128
403
403
1299
1481
1234
29
401
401
1481
246
1471
1481
401
1128
1109
401
1471
397
397
987
1049
397
1469
1481
1302
1115
397
1471
1028
1481
395
1130
1036
27
395
395
1124
1471
27
1128
1481
1187
250
27
1411
1411
1459
27
993
1261
1162
1187
395
1230
668
873
490
730
368
484
866
376
621
918
901
366
561
1373
1406
1384
1378
1267
1269
1243
1256
1230
1238
1228
1225
1243
1269
1278
1411
1432
1411
1408
1449
1206
1172
1220
1268
1336
72
72
186
200
1111
1111
1108
1112
1116
1109
1126
1115
1125
1112
1187
1242
1264
1264
1267
1187
1187
1187
1187
1187
1185
150
1469
123
200
878
1467
605
975
940
278
393
608
393
393
393
802
784
492
1221
1162
1047
1112
1112
675
790
1092
1027
786
786
1027
786
1102
1071
1106
1280
1210
1227
1255
1297
1216
1245
1045
1134
382
1162
1225
675
924
358
1185
1168
1156
805
729
698
1198
1152
1185
1185
1186
428
680
846
391
1030
384
648
384
690
406
486
932
557
1185
504
603
752
1295
391
278
391
1129
1170
1255
936
885
631
668
659
616
581
276
673
788
348
391
641
883
512
406
569
582
654
932
496
1032
684
1185
1255
1285
1295
1185
1185
1185
1293
1256
1186
1249
1257
1467
1467
1239
1318
1346
1338
1346
1340
1336
1335
1363
1362
1363
1361
1344
1344
1354
1362
1104
1240
1248
1204
1162
1172
878
1164
1158
1222
1206
1190
1270
1168
1255
1210
1225
1468
1006
784
660
326
389
88
182
123
744
1265
1238
1134
1243
1265
1261
1204
1204
1245
1222
1185
1111
1291
1184
25
389
450
561
842
820
1050
1481
1481
284
648
354
384
490
729
548
260
318
374
389
938
1021
591
432
952
1128
264
1109
869
681
1122
1090
1044
389
1477
702
387
955
652
379
379
1072
756
217
199
360
960
352
711
379
502
917
379
699
1012
668
624
602
602
787
1041
963
360
681
504
1035
396
844
1108
735
480
377
617
830
482
1003
769
377
978
796
1267
1293
245
1184
1291
1258
1214
1252
1170
1166
1170
1186
1170
1186
1188
1185
1467
1206
1162
1180
1237
1196
1338
1321
1321
214
1469
196
196
144
108
108
1469
1469
68
127
176
129
91
1359
208
1359
1343
1102
377
25
173
25
84
120
377
994
1070
380
380
1286
73
6
244
100
542
636
539
831
1223
1077
1110
375
1094
1237
1237
1185
375
1112
1062
539
1062
256
1424
1424
1319
1319
1319
1319
1166
1196
1198
1219
1300
1144
1471
375
1308
731
364
1046
1223
977
1249
1255
1110
1237
1090
1126
747
1124
1018
1130
1056
1065
894
375
824
674
637
541
555
1096
879
428
373
1180
1259
1092
1439
1412
1436
1435
218
852
344
422
373
373
880
565
472
1132
1102
844
373
945
850
912
1057
808
890
1090
956
1451
1452
1411
1458
1414
1414
1451
1452
1377
1345
1356
1377
371
371
371
371
369
369
1047
1029
1002
369
1103
369
1468
1185
716
673
1100
1469
892
612
762
367
689
1208
1285
960
826
1225
1230
1445
1414
224
25
23
240
23
23
143
211
107
197
109
255
109
224
94
1038
581
882
308
820
42
221
1357
34
1256
1241
1219
1160
847
655
367
1185
689
644
496
563
92
42
922
1253
1296
1030
60
1411
1319
1303
1218
1285
1185
803
1019
1352
1358
1322
1336
1310
692
564
797
298
482
367
662
1026
742
432
787
358
799
520
367
644
460
612
526
553
322
564
412
718
365
506
1006
593
949
1014
757
436
664
100
1366
1332
1360
1355
1354
1308
1336
1363
1357
1354
1319
1185
1183
1106
618
618
390
1052
1138
1183
198
6
198
211
240
211
18
1293
947
1034
1287
1160
982
829
365
365
938
1096
1130
1131
306
1265
866
23
239
1346
21
702
905
1020
1006
1063
834
567
1140
1134
1182
1113
1019
452
1222
1154
1183
838
920
930
302
714
1140
1208
1183
1176
368
1051
268
734
680
328
756
1477
823
1090
1100
932
814
595
1104
1101
764
1102
798
851
1112
716
468
792
1354
1411
1338
1330
21
106
85
21
189
219
1181
1295
1246
1456
1442
1445
1451
1455
1408
1170
1221
1166
1261
1142
684
1261
1269
1172
1160
1158
1182
1181
1216
1198
1226
1249
1138
1238
763
620
974
365
346
532
916
898
504
1469
243
1468
67
116
203
203
1176
462
678
940
274
416
806
363
340
958
292
680
822
818
960
964
688
1070
961
608
961
1012
722
490
1040
688
363
363
1024
1126
1062
363
1181
1265
1265
359
1131
840
820
852
866
1411
1411
1411
1409
1457
1409
1409
1430
1430
1409
1416
1430
1444
1409
1409
1409
1409
811
1113
1210
1181
21
1436
1464
1179
1294
1241
1297
1291
1179
846
359
1179
1160
1222
1179
1144
608
1179
1179
1179
1156
278
910
593
1228
1179
1222
1179
1179
1138
1179
1156
1179
1287
1179
1179
1225
1224
1253
1229
1179
1150
1162
1216
1170
1219
1299
1241
218
169
1055
1106
1015
1041
828
1179
1239
1291
1144
1144
1168
1202
1206
1168
1257
1352
1340
1340
1336
1354
836
1033
1133
670
1107
941
1056
922
1076
827
543
854
706
359
359
357
357
1477
357
993
989
1477
912
720
999
912
1291
1216
196
1449
1409
1436
202
56
56
17
1198
1142
1229
1229
40
424
382
1459
1426
1408
1451
1392
1404
1410
1450
1409
1416
1451
1409
1450
1408
1445
1420
1409
1404
1426
1409
1449
1409
245
1177
1299
1302
1299
1299
1287
1177
689
1006
1104
104
1096
1096
1112
1115
1264
1350
1318
1330
1319
1370
1210
1224
1208
1158
784
516
561
1299
1148
1269
1177
1228
1156
357
1156
1218
1218
1177
1245
1177
1227
641
1254
1198
1244
1184
1000
1039
691
414
922
355
917
574
604
563
355
1477
1079
801
526
1386
840
99
125
1140
44
113
370
1380
4
40
74
664
322
741
1346
1239
1182
1219
1259
999
1177
1241
1278
1208
1409
1453
980
1048
121
240
17
94
17
1177
1177
470
355
1090
580
537
549
697
605
771
1033
1176
1294
1477
1106
862
355
901
732
907
663
562
353
353
597
790
927
564
553
972
353
353
351
62
139
1348
1338
1314
222
222
237
1359
432
1348
1356
221
17
160
1100
1114
980
798
1090
1017
925
1076
1109
614
351
1177
1226
631
1166
1239
1282
351
538
442
695
351
349
294
619
797
637
566
264
264
341
670
768
709
1122
670
865
454
801
318
341
474
290
341
266
951
708
341
843
630
593
1094
1103
258
948
516
569
290
474
458
1103
442
339
339
1200
1164
1253
1170
1162
1164
1184
1200
1134
1134
1241
1144
1228
1329
1329
1329
1319
1361
1368
1329
1370
1319
1344
1319
1368
1319
1336
1358
1345
1370
1319
1374
925
1299
1253
1177
1126
1097
924
1004
1224
1177
1245
1200
1110
1102
1261
1102
1048
1097
1126
1097
1127
1156
1102
1164
1160
1295
1155
1287
339
339
546
826
1276
1130
557
656
1263
1287
1295
337
1117
1292
1097
1117
1224
1245
1155
802
1032
18
1358
1319
1352
1316
1316
1346
1319
1377
1360
1346
1319
1350
1334
1217
230
164
164
62
130
1104
674
1106
1118
192
204
174
105
145
106
4
1359
1319
1358
1354
82
204
207
223
149
232
175
132
225
242
657
657
657
600
337
1100
1101
498
474
1112
1104
337
915
915
700
650
700
320
868
1113
337
1467
780
694
1128
780
1071
1287
1176
1217
1062
603
673
726
676
807
658
922
412
632
835
973
867
835
334
444
334
1040
1002
1477
930
656
300
1477
1477
1477
715
1262
1088
888
314
579
646
1047
1356
1333
1340
1338
1329
1357
1348
1127
1237
565
1051
778
989
807
360
466
887
472
508
810
335
335
1036
768
562
854
335
506
920
244
161
126
140
207
1467
743
296
130
1432
1467
1066
847
1066
335
333
333
1049
847
731
1003
849
1090
1025
1223
510
510
510
668
1361
1335
1332
1358
1348
1330
1357
1324
862
1155
1228
1227
1243
1269
1218
1245
1259
1200
1371
1356
1377
1374
333
1110
237
162
68
138
99
232
177
113
201
237
182
15
15
168
16
239
239
1080
809
333
888
622
809
677
331
331
915
944
983
1105
809
1069
1105
671
601
331
331
329
1069
1069
1105
812
889
854
739
329
825
1291
1155
1231
1265
1158
1158
1239
24
404
1000
993
581
466
1340
1342
1340
1358
1317
1336
1359
1317
1329
1354
1352
1354
1338
226
1202
1223
1138
1430
1437
1445
1438
1416
1416
1428
1447
1447
1447
1437
1437
1447
1437
1437
1437
207
190
22
137
91
243
139
84
120
2
200
72
234
78
1344
2
1344
236
38
1360
1360
1455
544
854
1084
659
97
811
601
739
739
147
1317
15
508
1350
1325
1331
1409
1407
1407
1436
1422
1426
1407
1451
1400
1380
1404
860
382
1138
1172
703
604
681
949
1172
158
110
697
332
390
329
329
728
1138
677
75
583
170
454
944
1053
1053
1080
1317
151
239
1466
163
26
69
508
114
15
163
327
282
889
700
282
304
304
89
1334
1334
1314
26
125
99
142
174
238
140
12
142
63
10
10
28
84
80
156
13
1138
388
181
138
136
42
22
60
1346
4
522
36
228
327
142
104
580
549
1102
776
327
1059
386
330
430
629
327
488
711
948
1132
330
272
330
386
325
904
726
791
1356
1372
1376
1344
1348
1356
1367
1115
978
861
496
629
773
965
1057
1178
1178
1168
1178
705
1082
586
1477
1105
1477
1469
1152
1407
1447
1434
1100
880
428
1281
1439
1462
1407
1407
1424
1459
1407
1455
1054
958
1464
1153
1291
1259
1214
1287
1115
1057
1412
1465
1465
1418
1424
1410
1446
1436
1420
1412
1436
1412
1438
1424
1443
1426
1378
1453
1420
1436
1436
1406
1466
1459
1443
1435
1407
1434
1434
1407
1424
1451
1430
1435
1407
1408
1430
1422
1439
1449
1418
1449
1444
1439
1434
1454
1439
1436
1446
1430
1447
1418
1420
1420
1406
1420
1435
1412
1443
1422
1388
1420
1072
1237
1237
1068
1263
1359
1118
325
325
253
1298
1252
1128
325
323
1153
1122
1290
942
1153
1376
1287
323
1153
246
1153
1224
1224
937
1128
1133
1471
1224
1224
1074
321
1267
987
1224
321
321
1477
1477
1074
1477
1075
321
1471
1293
13
1295
1477
242
1297
319
319
1267
1252
1475
319
319
1153
317
1153
1124
317
317
1153
959
942
1293
13
996
1299
1317
1075
1076
317
1373
839
1297
996
1475
990
315
1475
1126
1036
1151
315
1471
1049
959
1407
1459
1407
1465
1407
1407
13
1262
1216
1176
1152
430
260
680
1176
496
1408
1456
402
1015
572
603
684
302
582
1372
1317
1353
1346
1362
1317
1358
1325
1410
1406
1378
1382
1454
1260
1256
1151
1253
1247
1263
1268
1259
1254
1276
1290
1216
1407
1260
1206
1206
1202
1204
1206
1151
245
1242
1151
1350
1350
1336
255
1337
144
223
1124
1124
315
1151
1232
1219
1156
1151
1218
1151
1186
1466
1467
718
724
997
737
672
1127
315
1241
1291
311
675
828
947
978
516
938
1107
838
1272
1263
1297
1245
1231
1287
1200
641
1222
966
358
1151
1249
675
1041
1190
696
332
1166
1208
1140
570
536
538
605
884
730
316
340
534
1134
303
1182
1188
1221
1149
805
530
1105
626
404
951
716
1186
1168
1156
840
860
989
1146
280
1295
1011
576
1067
346
804
541
1219
1266
326
262
322
883
276
458
486
769
783
831
737
774
1285
1280
1149
1149
1149
1247
1467
1180
1210
1332
1355
1355
177
122
1149
1204
1471
669
759
1158
1270
1198
1216
1190
1232
1149
1467
1106
770
939
615
179
34
1346
1358
179
1092
1198
1160
1140
1140
1259
1295
1149
1253
1204
1196
1149
1232
1226
1225
1111
1283
360
480
524
1026
844
713
1021
1475
1475
266
482
512
745
326
303
538
1104
318
303
578
538
303
1066
854
374
753
301
1094
450
813
925
981
798
823
738
661
851
1110
301
301
1092
738
1147
1147
301
506
502
854
299
299
448
550
1108
771
394
394
1008
722
640
372
406
936
603
398
553
396
860
672
561
396
299
740
773
302
350
556
765
639
299
803
640
1259
1112
1109
1055
1293
1176
1214
1221
1180
1170
1186
1166
1166
1162
1228
1196
1196
1230
1225
1469
101
118
214
126
75
108
220
243
1344
181
112
1359
1340
88
126
194
192
112
1108
998
380
896
1100
1222
94
11
350
464
714
790
922
1237
297
1102
1108
989
1122
979
1110
977
1110
1147
1122
1063
539
939
945
678
462
1406
1388
1457
1449
1424
1317
1317
1317
1247
1204
1147
1220
1239
603
258
1082
599
747
297
699
1055
854
1002
992
297
894
894
887
992
954
837
543
297
923
605
562
1090
295
883
1013
737
941
994
11
1237
1220
1228
1110
295
1128
697
1407
1454
1446
1406
1406
1459
1457
1147
295
182
144
295
1058
935
802
422
422
293
293
1015
623
900
724
472
1132
293
472
829
293
736
1024
291
1227
808
890
934
291
291
291
289
1422
1416
1405
1405
1451
1452
1405
1455
1371
1356
289
289
1176
1257
1468
1147
1147
1147
1100
414
289
756
834
918
966
1116
740
982
711
711
1182
1255
1214
287
956
1106
945
841
1230
1184
1390
1390
1434
227
254
143
243
109
73
1127
504
987
633
864
1357
1357
1330
156
8
85
1306
1310
62
910
1261
1227
1186
1166
502
639
1010
326
699
1221
296
632
1471
1253
1253
1253
1152
1239
1299
1110
755
1126
42
344
626
1112
1039
1078
769
1106
230
188
1332
1338
1361
1362
287
592
662
638
520
791
432
1064
370
760
1004
995
544
591
797
568
262
504
602
382
287
787
791
660
640
930
1016
603
660
1218
216
11
11
124
1405
1350
1363
1332
1359
1361
1339
1368
1332
1342
1355
1334
1329
1362
1145
287
1468
786
9
240
107
141
227
9
6
227
1293
1217
1294
1255
1272
1287
1291
1286
1245
845
1115
1108
732
742
520
1214
1190
1190
1334
1334
1359
188
981
1104
1019
644
834
1145
1291
1166
292
302
629
430
1278
874
945
1216
1254
1145
1261
1188
1280
1078
605
1129
1100
642
634
1475
595
851
1077
1057
1084
1038
814
1057
1100
1112
798
595
452
336
1038
1406
1330
1307
158
1145
1145
1145
1145
1145
1143
1432
1408
1422
1405
1190
1227
1146
1160
1164
1229
1160
1140
746
364
658
1227
1140
1143
1261
1221
1150
1160
1142
1445
1432
1142
1221
1172
1282
94
727
620
283
1128
1131
975
342
902
808
904
692
1467
174
89
238
178
116
203
1214
1112
283
909
630
909
1080
677
392
646
545
650
741
688
312
688
578
490
390
510
510
340
876
876
704
835
964
958
1088
1301
1120
1067
1115
1118
283
800
283
1030
1064
281
803
1405
1405
1462
1405
816
1405
1405
1405
1405
1405
1405
1405
1405
1401
1401
1443
1383
811
1210
1190
1168
1188
1190
1143
1143
253
1188
1303
1180
1297
1295
1283
1297
1134
1141
1198
1140
506
1267
1231
1141
1231
1156
1141
1217
1141
1299
762
278
436
874
281
1139
1297
1229
1158
1217
1272
1229
1225
1158
1139
1297
1139
1139
1135
1200
1135
1222
1166
1135
1135
1297
1186
169
234
1001
1106
1041
1117
1297
1202
1144
1144
1178
1144
1220
1168
1220
1168
1329
1336
1355
281
758
792
1044
1044
767
928
281
1106
1082
854
1110
279
1037
1115
1115
993
706
279
1135
1444
1428
1383
1383
1383
1142
1229
1142
1229
1142
1142
262
645
804
484
1381
1381
1404
1400
1444
1450
1386
1404
1414
1414
1455
1381
1445
1408
1451
1404
1432
1451
1442
1449
1398
1381
1379
1379
1249
1128
1135
1135
1301
698
686
223
104
1130
1230
1467
1345
1330
1335
1370
1343
1330
1355
1363
1234
1148
279
279
277
793
1243
1148
1302
1135
1146
1135
277
1127
1265
1222
1228
1250
1244
1135
1182
1140
1096
1186
1188
1186
775
691
867
905
277
1462
1462
1379
1379
277
648
972
1132
1056
692
160
1332
1392
592
126
1140
1304
82
74
275
1304
66
40
682
65
863
38
146
60
482
1226
1208
1135
1247
1258
1208
1243
1290
1135
1028
143
124
205
109
1280
1135
1135
1293
275
976
260
580
374
275
914
1102
854
848
578
1475
418
1475
959
605
746
907
275
919
572
842
498
1133
603
682
273
265
265
265
718
1102
1346
1338
1378
1348
1338
1328
212
150
139
1348
1361
957
904
9
118
123
222
168
583
652
715
750
1018
1115
1110
1106
1013
1084
861
265
280
1176
1124
1104
788
864
896
1104
568
1475
606
294
620
605
1202
1031
528
862
536
548
619
588
976
662
806
342
502
1090
878
759
949
1110
885
263
516
1102
263
796
458
862
1296
1297
1227
1135
1283
1283
1140
1164
1178
1268
1358
1374
1352
1352
1361
1348
1368
1307
1307
1363
1307
1376
1376
1284
263
826
1127
1126
1245
841
1096
1236
1135
1291
263
1127
1130
1287
1034
1245
1186
1103
1116
1128
1102
1186
1200
1133
1204
826
1291
1122
261
1122
1259
1298
999
1032
890
1133
1133
1048
1287
1291
9
73
32
249
1247
1363
1361
1357
1363
1325
1362
1355
1142
1142
1142
1216
7
251
78
196
166
905
750
923
962
918
981
659
992
906
147
56
253
148
204
228
246
116
118
204
105
56
145
1471
1350
1305
214
131
238
164
252
69
69
142
671
261
261
261
259
546
1014
1026
1130
782
742
259
259
1475
420
721
1475
259
320
559
1113
983
812
518
585
960
683
550
1133
257
1071
1292
1226
605
673
1039
310
704
813
506
372
654
372
284
643
643
704
310
910
1058
1045
1132
532
334
444
334
1104
354
366
1475
1475
1475
1475
1475
300
1473
968
1128
376
1028
460
1004
1108
858
739
693
416
522
741
646
1368
1357
558
1113
854
257
918
257
558
604
884
778
884
555
991
768
1051
257
1040
980
584
982
570
770
183
1033
1033
1018
709
1096
848
1115
731
707
761
966
1115
1046
813
1176
328
1359
1305
1305
1322
1350
1305
965
1416
1428
316
146
