7391
1461
1232
1227
1159
1261
1205
1253
1295
1227
1227
1329
1312
380
979
1230
1203
1241
559
773
1195
233
50
211
186
24
144
1
213
207
192
7
5
28
142
229
31
1224
1102
734
521
519
940
529
258
900
459
258
505
1123
259
722
723
260
486
936
953
504
510
488
488
500
950
263
1143
1145
1179
1172
1204
114
60
672
1102
369
265
1187
1267
1293
46
1361
1057
1319
1374
1305
1467
1357
1362
1323
1346
1346
1354
1307
1307
1362
1467
1359
1361
1359
1354
1346
1330
1315
1132
1445
1437
1446
1437
1457
1394
1456
1426
1457
1434
1429
1428
1416
253
215
128
1145
1149
190
131
126
97
252
102
144
16
132
116
129
92
135
1354
122
120
152
69
1315
1329
1346
986
1057
97
560
306
1103
605
882
142
559
158
1135
1030
54
1356
1353
83
123
1430
1434
1382
1425
1433
1428
1430
1431
1431
1453
1453
1443
1437
1447
1456
1447
1455
1433
1443
459
140
674
1047
481
854
568
140
1140
394
1407
528
363
443
440
854
487
1081
1142
149
123
130
570
82
126
528
527
505
510
1131
1357
1372
1361
169
244
156
160
180
106
81
157
120
85
85
108
86
182
56
140
148
1362
487
1001
783
778
220
94
90
491
433
511
490
135
78
191
607
658
863
826
855
676
803
1120
1045
559
1123
858
878
852
315
1090
737
631
272
1458
1381
1463
1317
1319
1356
1328
1340
1329
1356
1325
1356
1328
1359
1305
1094
830
370
714
281
374
282
1452
1190
1190
1135
1219
1166
1199
1467
1295
1156
1216
1270
1277
1207
1215
1199
1257
564
255
850
439
711
384
606
449
1226
1172
1134
1456
1395
1415
1456
1006
1041
1413
1393
1393
1389
1404
1418
975
698
1445
1405
1196
1267
1204
1287
1224
1209
522
1406
1404
1427
1416
1422
1453
1410
1418
1388
1438
1405
1436
1412
1410
1380
1397
1457
1427
1427
1399
1420
1424
1404
1410
1427
1424
1420
1414
1427
1459
1408
1416
1426
1427
1411
1449
1429
1412
1424
1399
1429
1415
1380
1459
1430
1424
1459
1410
1412
1389
1453
1449
1445
423
1078
980
470
1239
930
1334
792
191
249
252
1252
1281
744
240
1290
756
735
786
1470
1470
1467
268
272
690
38
1308
1249
1467
1255
1339
739
273
1468
1468
1468
1466
720
1470
647
662
1284
741
773
1329
1297
737
706
677
297
250
1235
1470
1295
1470
1267
1265
261
269
1263
1235
295
738
740
799
1263
1255
683
796
702
682
290
1287
745
27
1259
298
705
1470
1470
749
1349
204
710
695
274
1265
754
805
22
650
1468
1344
251
743
301
1
1471
750
1448
232
33
1198
1210
1196
1228
1445
1102
1094
1102
1471
1082
1086
1132
510
1132
1358
1334
1334
1376
1319
1451
1220
1257
1257
1293
1247
1219
1407
1428
1420
1435
1445
1435
1429
1185
1156
1187
1221
1199
1205
1339
73
418
269
405
754
279
1299
1295
1215
1135
1297
1275
44
70
126
1466
1112
968
336
890
922
999
977
300
594
902
267
910
758
895
740
339
872
704
935
919
1225
1291
316
1465
1211
672
343
306
875
735
768
781
727
1203
1211
1185
1135
525
536
678
1008
1447
433
1216
1158
1471
1182
1135
1160
1106
597
1158
1132
1205
1172
1024
278
916
390
888
1116
1025
715
1078
1166
1173
1030
922
585
1124
1054
1180
1096
918
636
1112
1100
913
741
1244
937
356
1123
675
447
491
1008
1125
912
1128
887
1471
512
1101
732
1046
1267
1280
1295
1217
1203
1229
1204
1267
1228
1188
1340
1352
1338
1353
1330
1356
1363
1356
201
1144
1141
1233
443
1189
1146
1186
1142
1142
1200
1219
1297
504
1217
1226
620
64
121
1211
1225
1188
1195
1269
1218
1247
1138
1188
613
956
1003
1202
1211
940
375
435
1471
1471
1053
739
816
602
1064
583
709
452
299
679
562
407
585
1127
1066
499
653
348
1028
526
1001
1102
1130
689
906
956
668
1049
1471
907
995
460
996
376
1203
1287
1205
503
940
1129
357
822
25
17
4
3
790
562
458
537
556
328
1108
622
1126
1045
478
797
615
1130
631
632
893
433
277
843
1130
921
1014
897
451
480
445
828
435
1241
800
761
351
1295
1214
225
1187
1160
1190
1204
1184
1204
1158
1463
1257
1217
1187
1164
1170
1185
1166
1215
1190
1247
1199
599
1055
3
237
87
105
59
8
1415
188
216
201
228
213
222
250
79
46
35
88
107
48
857
206
1110
1113
421
1224
331
701
962
746
953
321
952
1230
1197
327
860
504
855
550
535
1101
540
854
916
487
1111
446
358
2
1422
1418
1432
1404
1406
1422
1311
1164
1220
1196
1140
1205
1210
1468
1228
843
1055
753
1372
1009
445
1090
656
306
566
934
675
813
404
1006
1128
886
367
1075
1027
854
274
1106
556
995
920
1208
1156
1197
1204
1195
1414
1408
1438
1418
1416
1449
811
143
25
353
1103
670
575
608
1096
1106
274
1127
920
697
352
617
1124
1122
599
443
417
303
287
333
1416
1398
1433
1450
1433
1425
1426
1448
1332
1332
1353
1329
1351
1325
1329
836
757
667
311
482
1248
1126
1106
314
691
1077
901
638
761
508
994
775
1184
1208
1230
1224
1237
1258
972
997
603
958
1103
1374
1438
1407
161
12
179
29
344
379
296
625
1020
1119
264
544
787
1325
1321
55
98
212
1350
615
1221
1144
1134
867
605
1044
288
1242
1231
469
535
281
42
813
1243
1241
1198
1200
1246
1219
1217
1195
310
258
1378
539
337
539
594
1239
1201
1253
968
894
1350
1348
1348
888
1108
535
816
462
319
1110
508
446
650
541
572
1096
480
625
834
474
427
1057
629
428
890
242
246
1417
1330
1344
1363
1359
1355
1342
1325
1342
1330
1354
1330
1334
1344
1352
1285
983
462
261
1227
1225
1300
1046
1074
1149
29
175
9
238
153
225
179
2
179
1205
1267
1235
1299
1115
784
263
334
773
1106
522
1134
1140
1156
1166
1240
72
38
1352
822
1012
406
1013
1049
601
249
639
874
616
846
1231
1283
851
597
1020
625
1205
498
1221
1215
1186
1198
1188
1228
1169
1130
1064
592
1123
304
1082
1123
346
965
332
542
336
944
473
328
290
844
1054
613
376
1432
1348
1325
1325
1366
132
1466
66
143
1466
36
1299
1233
1268
1169
1454
1430
1439
1435
1176
1172
1208
1162
1177
1142
502
1196
1186
1269
1152
1140
1144
1135
1142
1133
1203
1138
1187
1142
1150
1011
441
983
1076
1030
1100
592
1066
855
454
582
1017
1033
141
55
202
93
11
51
68
685
842
537
724
425
485
702
939
485
256
511
828
1045
782
542
1079
892
957
1106
844
725
1124
573
1036
863
1104
646
284
727
402
850
587
304
1296
692
352
467
971
282
1406
1383
1461
1391
1415
1446
1405
1455
1381
1453
1455
1422
1418
1408
1380
1394
1409
1385
1407
1405
1432
1409
1409
1461
934
1160
1219
1202
1256
1431
1221
1185
1172
1223
1274
325
1148
1287
1133
1228
1269
668
1146
1094
1126
1115
565
1215
1288
1177
1178
1287
1108
814
1054
1249
1272
1295
1215
1215
1297
1148
1146
1162
1235
1214
1287
1295
1186
1135
1222
1232
1206
1179
1217
1216
1166
1132
1156
1190
76
36
484
337
1195
1164
1217
1208
1170
1160
1217
1178
1190
1202
1224
1185
1360
1355
1358
960
699
335
890
543
965
978
428
588
1100
951
747
776
496
412
1471
896
440
1042
1216
1428
364
845
1407
1382
1421
1461
93
70
132
17
236
139
1210
862
1398
1429
1427
1424
1448
1395
1413
1447
1420
1446
1443
1437
1435
1430
1433
1420
1444
1412
1451
1413
1447
1443
1461
1417
1411
1407
1207
1282
1255
1269
502
931
630
1045
973
580
1128
431
1064
49
916
1263
1243
1156
1340
1352
1348
1357
1355
1346
1344
1313
1203
1032
1189
1299
1262
1267
1207
1199
1217
1230
1199
1195
1219
1255
1170
1177
1176
1259
1180
1162
1218
742
415
1063
864
787
1401
1463
701
1092
144
1453
1168
139
1147
138
650
340
113
1144
159
143
231
127
44
250
112
127
1162
1209
1201
1235
825
1456
1383
581
1038
1106
1394
175
181
253
1254
1222
1253
637
1125
346
612
637
436
489
1106
439
1170
1239
1463
1282
1235
1292
585
578
991
1045
1471
1471
605
1117
778
1053
410
556
972
672
1019
634
564
283
882
854
996
340
798
1086
535
478
949
789
318
7
99
69
73
1336
42
1363
1329
223
1355
1350
1319
184
90
224
765
967
830
792
487
371
579
923
1065
853
923
495
821
1231
1206
852
1186
338
663
599
536
1471
906
1471
449
449
549
536
537
1092
1039
261
1045
445
591
605
1100
803
637
492
413
1032
445
1110
435
826
859
918
298
455
1126
837
1219
1227
1171
1210
1140
1134
1179
1176
1133
1360
1361
1340
1361
1362
1350
1321
1358
1163
684
1239
408
1003
1176
1133
1240
1263
1217
820
1182
1201
1179
1198
1235
288
812
292
1231
1226
289
1209
1265
1130
840
751
1079
1269
187
1292
1332
1309
1334
1328
1319
1345
1332
1359
1329
1363
1352
1354
1325
1332
41
45
135
77
148
603
359
1123
1003
372
949
23
68
152
42
1358
1360
1368
697
387
477
162
74
66
61
777
1112
1130
307
899
906
348
499
799
886
427
512
1471
466
466
466
515
745
483
958
479
983
469
507
712
648
588
443
966
932
1021
451
822
755
305
591
788
1298
1230
1050
580
891
432
1127
408
895
916
1100
1055
1067
1078
831
417
610
404
542
1128
891
1106
1471
1471
1092
1472
1079
256
812
947
360
482
525
483
1363
1351
1350
1363
1360
1351
1325
1313
197
1468
1230
823
799
600
617
769
915
305
736
592
681
1038
654
670
529
415
532
774
885
316
47
74
487
1127
10
965
974
576
547
834
793
687
725
706
613
713
680
1112
604
579
1342
1342
1359
1362
1350
1336
1343
1340
1335
1358
1233
1229
1259
1245
1259
1210
1207
1247
1313
1340
300
928
721
347
1035
970
780
1233
1211
1209
1110
525
915
660
136
233
207
224
10
162
241
8
63
174
222
31
233
24
51
26
68
80
139
1202
341
338
473
508
531
718
762
709
704
811
485
815
477
504
805
465
321
470
489
528
491
496
1109
474
981
457
1185
113
121
518
653
1269
918
608
1205
1260
1287
1357
1351
1351
1336
1352
1319
1332
1353
1356
1370
1362
1351
1376
1344
1304
1342
1328
1355
1342
1363
1196
1181
1328
1426
1428
1430
1423
1448
1459
1438
1426
7
1189
121
75
1058
1132
182
90
1363
149
117
159
8
67
98
56
1329
1329
1443
439
314
86
479
188
606
452
566
955
982
1142
1366
1350
205
1425
1384
1439
1447
1443
1433
1443
1453
1457
1453
1431
1435
489
851
1102
348
603
1094
1152
76
266
72
281
1127
440
1031
771
603
1048
996
1142
485
1128
1142
874
394
207
224
203
205
213
160
1132
158
125
109
520
1348
937
725
505
505
491
483
641
1370
1374
1368
148
123
203
101
92
167
112
557
148
89
81
104
152
123
79
517
506
506
506
199
80
60
82
84
137
121
275
94
742
468
150
98
1110
1005
595
1100
820
626
280
878
571
670
494
483
875
497
297
645
710
848
1351
1325
1330
1313
1311
1311
1320
1304
1265
647
1127
588
1052
993
884
444
974
593
342
617
760
1190
1199
1162
1158
1170
1241
1259
1211
1257
1122
436
579
1129
901
1233
1425
1428
1416
1410
518
1408
1380
1249
1413
1413
786
1409
1413
1435
1386
1199
1261
1245
1434
1436
1422
1424
1431
1404
1434
1455
1413
1436
1431
1432
1449
1391
1451
1416
1451
1422
1453
1459
1408
1412
1405
1386
1410
1436
1420
1412
1399
1388
1404
1436
1449
1406
1434
1429
1436
1404
1406
1420
1406
1406
1417
1457
1406
1457
1457
1387
1411
1406
1432
1418
1434
1434
1416
1432
1451
1445
1455
1424
1449
1215
506
1265
1224
1176
504
694
1202
570
1214
1172
1468
740
1265
1472
1344
28
1273
664
711
769
1267
1335
245
1466
1299
1244
683
1472
4
1344
1315
720
1241
828
750
1247
695
1467
758
733
1279
1249
1257
268
1310
1299
1467
1333
1298
1263
1253
992
1294
771
1371
647
730
1333
774
1472
1473
1287
658
1235
670
652
675
714
726
1265
1263
750
657
997
669
1191
1245
652
824
336
1295
1473
252
335
759
1469
1209
1291
711
1233
264
1469
1407
1415
229
1423
1452
1405
1405
245
1263
1224
1104
1117
966
1454
605
491
884
568
1100
1473
827
1100
1108
541
1356
1360
1349
1317
1323
1334
1348
243
1255
1259
1222
1241
1198
1249
1249
1187
1207
1176
1214
1223
1156
1162
1264
1185
1223
1319
67
996
1002
388
1196
1290
156
252
119
1467
1467
659
1054
1226
1465
1358
293
408
785
976
330
447
1057
273
1047
943
305
457
655
342
914
719
1106
535
535
1180
1162
1208
1255
1180
1223
1176
1217
1225
776
1199
881
369
402
714
821
838
487
1139
1257
1220
1108
1177
1178
1240
374
1407
1123
1297
1210
1141
1258
1159
435
876
531
1150
1210
1301
1172
432
1109
1104
1006
1134
1218
1144
1164
1186
898
887
1079
484
1055
498
1123
632
1086
1118
663
540
1076
1113
1092
1204
397
1085
1042
1199
1035
1015
1008
1094
1184
644
269
434
538
713
545
545
1104
465
636
1043
1123
1158
1247
1231
1223
1263
1216
1222
1228
1280
1466
1165
1354
1351
1336
1374
1328
1346
1367
1317
193
1274
1147
1147
512
675
1465
1255
1177
1160
1200
1293
1188
1182
1146
1179
403
902
508
497
84
32
548
449
1237
1157
1214
1261
1205
1243
1209
1240
1291
1178
1187
294
877
619
1112
1473
1473
847
605
1055
629
1128
624
1127
554
493
919
535
1094
490
783
692
343
971
759
1010
428
560
488
938
416
893
472
429
1306
1293
493
992
1195
56
5
221
914
1092
601
966
562
1112
980
643
1020
1059
835
1112
360
854
1100
563
310
593
345
1039
427
1080
358
1006
867
883
924
443
888
831
920
401
831
344
790
369
769
446
1226
1208
1228
1222
1201
1231
1134
1184
1182
1166
1419
1413
1300
1181
1191
1211
1223
1171
1224
1177
639
645
1346
1360
30
105
226
199
199
163
213
5
63
186
216
228
1360
783
320
40
67
39
102
79
85
46
46
111
791
840
424
1114
290
468
397
427
387
1214
485
212
231
154
245
221
484
575
930
868
941
968
367
787
707
815
351
646
278
1204
299
1122
939
443
542
692
1104
396
726
854
1378
1459
1443
1434
1431
1431
1306
1344
1190
1291
1178
1231
1189
1208
1226
907
917
1122
1113
240
447
1106
287
1162
1188
751
732
693
932
916
651
543
395
971
603
486
722
839
990
817
395
1209
1202
1169
1197
412
844
583
1418
1408
1226
948
3
110
65
101
151
11
146
298
1039
390
381
373
492
1024
733
649
661
659
294
629
355
894
363
980
769
1105
449
553
686
767
732
1405
1439
1426
1435
1439
1458
1407
1444
1450
1390
1366
1325
849
656
705
936
1216
1105
921
417
718
904
564
537
424
1059
860
1015
961
911
442
1299
480
651
944
957
804
919
1147
1263
1255
1180
1422
1449
1449
249
202
229
161
202
3
223
187
185
230
185
28
173
167
29
157
771
480
951
500
1330
1330
1368
44
115
1102
1323
1189
1189
1200
1133
1166
1209
1072
574
1188
1217
1180
634
1104
754
837
1247
1253
1165
776
949
849
998
953
856
147
92
101
238
1345
1125
194
1206
9
69
17
1351
1362
1340
1311
1108
1044
385
1107
926
1097
747
488
520
506
854
497
1122
445
453
625
1042
561
982
779
598
884
1020
393
1015
494
382
508
413
603
874
192
1418
1334
1363
1362
1351
1361
1332
1319
1342
1336
1336
1344
1328
1328
1356
1334
1362
1185
1245
1465
1110
1130
420
1466
159
202
167
8
32
153
1241
1460
948
1222
315
468
768
1087
723
538
262
1168
1144
1134
1267
962
411
375
365
911
960
809
953
889
431
1156
624
1080
1084
1109
334
1108
1205
893
530
1227
1182
878
620
579
1094
1032
1127
782
1129
1016
323
1473
308
370
1007
815
452
1125
838
309
326
487
789
910
586
1000
366
693
1459
144
240
61
1293
1252
1435
1153
1172
1140
1160
1168
989
1218
1203
1253
1209
1200
415
486
565
1239
807
687
1071
1109
1108
1100
563
227
195
59
1172
1142
801
938
407
779
598
929
281
511
1089
449
635
1050
603
1017
573
987
823
597
703
295
657
712
1286
1237
1179
1196
1264
694
421
273
730
1382
1409
1407
1387
1417
1417
1409
1408
1409
1420
1451
1453
1410
1383
1417
1411
1428
1387
1461
1436
1410
1421
1378
1411
1461
1424
467
383
516
1200
1239
1202
1209
1190
1259
1276
1432
1420
1142
1162
1166
1166
1152
600
1265
1218
1206
1053
640
1073
1092
442
1043
1237
1140
1235
1153
1206
1234
355
607
1239
1225
1197
1235
1144
1150
1301
1164
1203
1195
1134
1235
1261
1230
1225
1225
1255
1229
1215
788
61
547
846
1226
1197
1230
1168
1199
1177
1197
1207
1355
1359
1357
644
418
565
886
824
618
525
1094
983
395
702
1071
999
797
821
1473
693
275
1473
1473
1223
1463
1401
1463
106
110
154
110
1196
1172
1218
1170
1204
1162
1135
1138
818
1450
1425
1405
1398
1428
1439
1450
1427
1450
1446
1439
1448
1463
1451
1380
1415
1432
1432
1433
1462
1404
1392
1297
1250
1247
1297
397
918
858
196
217
1187
1224
1199
1158
1206
1185
1219
1199
1226
1317
1368
1329
1347
1360
1218
1185
861
1127
1114
376
1164
1134
1152
1170
1230
951
651
1085
1269
1237
1205
1189
1182
1156
594
455
602
535
486
850
60
1097
53
1190
184
145
1154
130
1128
106
920
654
654
1132
461
1210
1205
1176
1205
1164
1163
1228
1249
1409
629
489
225
173
223
192
163
155
155
1155
1284
1261
861
535
1018
1055
1096
691
425
681
372
690
1220
1247
656
658
840
1025
1473
1092
1109
642
612
410
311
352
445
1121
550
302
605
1112
977
1045
527
663
798
537
354
1127
276
1321
1355
244
13
1340
976
577
1118
865
1340
1065
555
724
301
969
640
1243
1220
1182
378
1117
572
1473
586
1473
1473
549
1473
1473
569
857
964
1076
1046
633
1096
861
930
539
925
1090
605
581
1127
1108
1130
385
1040
817
677
558
1037
601
1100
326
518
530
1281
1221
1219
1469
1181
1247
1202
1228
1206
1229
1202
1334
1357
1359
1377
1358
1330
1338
1350
1340
1345
1339
1357
1363
1338
1337
1367
1323
1340
1021
1255
1237
1221
342
606
603
1130
1140
1207
1219
1208
1239
1073
680
928
409
1093
1263
335
914
405
1149
1151
728
352
284
729
1180
1229
1204
1267
657
1252
260
686
1224
526
1241
319
1216
633
780
1287
235
200
161
212
219
244
1202
1317
1340
1354
1344
1351
1321
1309
1361
1350
1164
168
33
43
54
40
21
1074
810
994
337
208
174
70
82
143
103
178
22
1358
1354
503
34
116
184
168
291
295
1026
278
1094
1113
1093
601
350
664
491
970
354
530
619
364
781
763
979
447
1473
483
489
300
959
523
1113
1107
509
509
1055
1124
1126
822
639
609
1002
1048
537
501
789
1219
1214
1188
1195
1106
354
428
834
901
1474
554
577
641
1102
1041
535
863
1115
606
393
582
857
1112
1474
1474
886
279
357
1260
267
1346
1353
1359
1320
1377
1199
640
379
570
1096
705
916
1123
648
280
425
1028
694
68
50
26
623
706
608
1465
246
258
1435
31
841
689
617
995
922
434
287
272
1049
837
1319
1344
1330
1368
1372
1306
1313
1334
1293
1187
1292
1400
1267
1187
1178
1243
1249
1229
1233
1257
1243
1207
1203
1315
1314
332
827
433
340
376
1239
1287
243
47
188
156
226
138
218
26
47
160
83
226
228
231
224
238
228
44
119
6
34
10
1228
955
696
929
931
515
667
489
516
715
729
716
763
725
518
489
459
471
457
366
37
1293
1189
1143
1225
117
1332
576
270
1131
1038
196
18
1332
1360
1355
1376
1334
1344
1374
1354
1348
1362
1355
334
1432
1430
1422
1428
1390
1428
1437
1406
1459
1438
1436
1457
1454
1457
125
114
109
56
104
102
145
49
80
42
108
169
177
1376
1361
67
122
1339
1439
849
634
78
430
106
119
54
165
883
1069
1105
1119
1370
125
1370
1366
1354
1433
1417
1443
1438
1414
1433
1426
1459
1430
1432
1433
1443
1425
1453
1451
1435
1460
1450
1437
1443
1443
1447
1435
1433
1409
1427
1435
845
1108
960
736
59
662
118
48
1096
828
1011
443
537
1074
949
421
501
1447
1081
478
1068
215
1354
141
65
147
87
118
508
502
1123
560
502
483
1103
1357
1370
1348
1372
1374
1350
1348
99
180
81
806
49
220
1321
104
249
33
4
103
1359
1346
942
218
878
211
16
129
55
141
126
84
160
81
117
1323
464
164
39
72
89
97
142
259
793
699
860
1021
259
676
1096
1067
1100
638
636
262
1066
1111
820
456
1115
485
905
643
414
788
1431
922
816
596
848
358
275
460
1200
1267
1243
1291
1234
1051
770
964
304
1070
598
900
433
316
1170
1183
1384
1412
1418
1412
681
600
1144
1436
1414
1461
1408
1420
1379
792
1420
1413
1437
1429
1245
1185
864
1422
1432
1411
1404
1408
1457
1418
1455
1385
1424
1414
1451
1445
1451
1390
1418
1417
1420
1409
1378
1427
1412
1410
1459
1412
1431
1414
1410
1414
1407
1412
1412
1413
1438
1418
1399
1428
1406
1411
1408
1416
1455
1408
1459
1429
1431
1432
1404
1436
1410
1405
1457
1431
1378
1455
1449
1455
1406
1406
1429
1428
1434
1404
742
1104
1221
1221
1287
707
1375
253
22
1279
746
38
1299
743
763
1329
671
736
1474
1267
1469
1469
744
762
720
1318
942
648
1163
4
1341
236
241
308
786
329
746
662
1259
1320
747
1335
680
748
741
748
256
1297
1474
1249
235
678
673
1474
236
1469
1474
749
749
728
283
1469
651
798
751
764
786
1467
1475
1243
752
753
1469
760
1475
269
735
758
230
810
754
753
1469
243
715
1475
1299
255
242
1413
1409
1452
35
422
1209
1201
1291
660
1230
814
876
1102
868
1115
892
411
1126
896
587
470
907
431
1369
1453
1453
1451
1207
1186
1261
1206
1220
1229
1167
1207
1253
1249
1249
1381
1429
1415
1439
1430
1188
1231
1195
1231
1353
149
141
53
64
765
697
721
948
271
332
322
736
312
284
1233
1196
1211
1193
1158
1236
1285
1256
1245
1293
1291
217
1467
72
62
405
1464
1005
1107
963
1108
763
504
764
647
648
411
484
1127
1205
1158
981
276
993
396
767
768
320
645
918
934
1105
398
449
345
1227
1143
1223
1157
1264
1146
1247
502
1144
1090
1134
1149
890
869
1127
1254
1184
1135
829
618
969
1176
1208
1302
1286
1180
1121
1053
380
268
577
1090
500
1075
872
1094
1129
372
898
1233
1084
1108
912
1259
320
1073
667
826
1160
1222
596
1057
432
1010
1084
1027
522
544
1123
632
426
273
1005
483
916
1090
1122
441
595
442
1102
942
516
1269
1220
1231
1286
1283
1277
1271
1261
1227
1201
1249
1203
1465
1464
1220
1372
1352
1332
1362
1352
1353
1359
1349
1328
1351
1338
1356
1346
1356
1330
410
1139
1227
1225
1133
1152
823
1184
1189
1225
1243
1180
1214
1168
1220
1182
1207
1466
381
1063
396
1100
271
122
59
45
419
1231
1229
1144
1173
1245
1206
1158
1178
1255
1176
1277
988
1243
1176
30
807
1057
1109
636
894
887
1475
1475
902
575
922
1115
605
842
1109
1092
1092
1052
327
622
689
1011
1094
429
661
1128
310
524
1028
424
368
356
761
1475
441
265
434
926
784
733
436
368
36
13
1096
987
454
621
277
1130
1045
801
1087
765
857
1109
895
534
382
307
1091
914
1043
1130
391
1128
591
757
917
620
793
1105
473
1097
389
610
808
885
510
1237
1239
233
1224
1249
1196
1202
1198
1168
1164
1184
1177
1168
1168
1178
1299
1465
1197
1172
1168
1222
1177
1363
1342
1322
21
1467
239
241
107
168
146
1467
1467
203
170
222
203
220
1340
9
1353
1353
875
811
29
71
232
111
107
655
1016
698
1096
453
1241
189
175
217
187
1072
578
901
860
1226
398
333
266
382
1255
1216
1275
268
803
406
564
317
254
1424
1431
1308
1313
1331
1342
1186
1187
1167
1197
1237
1142
1469
812
1374
572
1115
493
1200
837
1195
1224
312
1230
802
744
479
320
724
386
708
703
862
266
577
845
898
1024
581
969
975
1028
805
1172
1202
981
1410
1455
1436
1438
39
419
1102
1092
312
684
1053
904
1113
731
263
869
753
927
433
952
392
388
388
383
734
1414
1405
1415
1454
1437
1456
1446
1405
1311
1317
1323
1313
806
276
297
673
676
931
884
342
345
416
888
255
1466
1269
630
1016
796
1466
383
1029
610
409
959
1148
1247
430
458
1265
1241
1425
1437
204
234
254
193
239
18
187
212
189
177
165
251
163
200
173
366
512
824
912
391
115
23
1321
84
1198
1196
1230
1188
856
574
663
1238
1072
500
1017
1115
91
117
1003
1261
1241
967
88
1386
1342
1280
1209
1245
1254
1125
955
1354
1330
1376
1359
1372
1107
1034
879
1106
595
276
413
318
903
922
425
1113
429
1102
379
1067
537
433
1049
919
1124
563
1125
567
649
570
843
882
379
778
422
1126
927
165
1315
1361
1356
1336
1338
1346
1363
1321
1325
1336
1316
1233
1293
760
851
1092
1092
968
1135
1293
158
181
206
191
190
204
175
1253
805
336
1215
1208
1065
377
672
679
853
402
697
720
1110
1241
936
37
27
1321
28
496
990
838
377
412
1018
1128
1142
1140
1168
700
483
854
1221
1153
1297
403
646
385
925
910
1142
1164
1248
1142
1106
854
1130
605
558
1115
1013
1475
605
346
730
937
1063
1113
877
360
573
952
854
491
974
359
922
586
1317
1379
1319
1356
251
136
124
37
166
74
1268
1141
1172
1450
1425
1430
1452
1433
1437
1153
1215
1188
1214
1170
420
1198
1176
1134
1168
1138
1210
1278
1201
1168
1147
1167
1162
1229
384
1108
381
294
1090
1112
414
630
535
1466
225
1465
122
166
9
154
1228
545
856
1008
502
485
262
803
1019
756
1115
645
900
855
979
818
873
372
1035
1059
1007
967
575
1089
704
881
256
649
728
785
308
291
1291
1211
1186
684
344
619
450
419
891
1379
1415
1411
1461
1385
1461
1392
1422
1436
1401
1422
1449
1428
1411
1463
1393
1407
1122
1036
1226
1264
1
1426
1388
1302
1220
1233
1253
1255
1253
859
673
1276
1135
1150
1282
1172
624
1279
1246
1291
1134
1126
847
1124
1147
1258
1225
1261
1241
1138
1293
1135
1253
1229
1241
1286
1187
1161
1205
1185
1257
1176
1133
1208
1166
1178
1269
1237
158
193
529
303
960
962
918
1284
1253
1197
1164
1178
1154
1195
1187
1190
1222
1350
1356
1362
1353
1352
441
976
731
607
340
952
690
939
359
982
1086
544
454
812
761
700
659
1475
791
820
951
1475
587
1118
889
535
1235
1229
235
1418
1384
1412
11
180
182
27
1208
1170
1206
1221
112
537
1122
1407
1439
1435
1408
1451
1447
1453
1452
1409
1427
1428
1461
1444
1437
1456
1448
1395
1439
1439
1391
1439
1409
214
1269
1258
1247
1237
1222
1269
1275
1056
854
538
47
331
363
318
978
1179
1352
1361
1355
1342
1360
1177
1201
1208
1152
819
550
905
1263
1184
1211
1259
1215
1133
721
1138
1243
1218
1281
1221
1232
1220
386
1231
1188
1180
1162
386
392
548
537
389
270
609
1105
635
519
267
1475
370
1019
1085
1445
1103
207
97
1149
176
150
1088
1445
92
137
77
1077
1122
496
1323
1188
1182
1184
1230
1053
1293
1201
1214
1156
1409
1418
643
958
198
206
18
167
24
1295
1269
1112
745
457
1068
1107
1130
473
612
626
534
1186
1177
1475
994
883
681
329
865
347
596
583
767
770
903
416
861
1087
431
458
757
521
289
147
201
1353
1317
1348
34
21
237
1334
1076
1352
1317
13
24
156
743
698
948
988
853
836
546
716
691
571
731
1299
1216
1075
1166
1200
1228
265
520
1045
406
696
764
566
535
516
635
605
1126
1124
806
854
874
537
384
455
840
1090
462
1128
293
917
917
744
1108
377
882
685
999
470
566
965
360
1125
578
557
426
533
1096
536
839
1048
306
305
1189
1150
1231
1144
1144
1206
1170
1180
1148
1133
1219
1166
1184
1332
1330
1332
1309
1328
1367
1357
1312
1341
1363
1324
1330
1307
1359
1336
1323
1337
1308
1342
989
1265
1261
1284
304
756
603
848
1217
1291
1193
1166
802
292
1222
426
937
800
819
374
322
1145
739
1218
1132
1207
1275
1253
801
357
1088
877
1215
771
920
925
1193
1223
1145
749
970
1221
862
271
1229
1243
1268
920
944
185
1338
1341
1351
1319
1321
1319
1312
1324
1332
1347
1314
1354
1376
1208
23
50
52
98
197
971
958
314
731
25
221
157
164
186
102
108
1360
1342
1362
1317
100
40
43
5
186
227
223
45
15
25
956
945
932
979
708
373
364
614
459
283
784
298
394
695
933
933
933
482
531
830
309
1465
935
858
289
967
405
1263
1186
1156
343
1031
605
431
918
1029
456
494
896
1103
825
1033
369
835
1100
1130
1122
341
404
1475
444
854
1017
1475
1475
1476
557
1210
375
492
1124
526
1110
501
1318
1346
1362
1357
1346
1338
1330
288
1226
541
356
1029
421
403
923
548
555
535
1037
989
708
292
524
891
1126
588
995
915
963
34
51
105
23
13
1464
1104
1096
254
1433
1465
687
1012
809
740
659
653
873
923
924
600
423
814
444
1216
1083
841
1093
618
1328
1353
1352
1317
1332
1346
1323
1361
371
1237
1227
1225
1263
1215
1215
1233
1209
1221
1321
1325
1315
1323
674
669
194
231
205
194
197
7
197
176
196
226
62
37
27
169
149
31
16
897
464
650
956
498
941
507
809
302
945
520
941
363
1123
622
396
962
461
778
673
350
963
963
770
503
530
448
1125
811
465
1230
1266
1133
1141
1147
1151
1155
88
1110
328
954
549
1127
1362
1338
1357
1338
1311
1353
1358
1310
1348
1338
1351
1358
1352
214
1221
1156
1142
1426
1437
1416
1436
1426
1439
1446
1438
1412
1438
1430
1426
1438
1430
1444
1454
76
219
100
85
218
216
218
78
140
183
73
78
244
124
1361
179
1359
16
145
1337
1329
1438
1128
751
391
553
150
546
1132
517
605
49
1344
251
893
1321
1348
1361
1409
1388
1417
1449
1454
1447
1411
1438
1443
1445
1445
430
544
1153
1132
1016
1027
1128
411
1145
151
178
455
1124
1025
260
380
972
1149
469
131
1057
193
1068
507
521
726
755
1318
113
71
1465
53
120
120
1106
114
2
61
804
504
460
547
527
472
482
115
1357
1359
1350
100
103
195
75
52
39
208
178
89
183
104
108
94
111
152
93
6
1140
481
211
205
91
115
137
129
1329
129
519
131
17
293
142
103
1012
1107
685
1026
772
346
1070
1083
1025
618
666
1045
603
626
334
1122
1122
1045
583
982
614
604
312
1358
1332
1311
1356
1325
1315
1332
742
689
591
1123
854
824
973
322
1177
1223
1177
1210
912
940
1074
1476
545
1476
1466
1140
1404
1428
1408
327
537
829
1224
1404
1452
1417
1411
1436
1404
1463
1395
595
839
1380
1299
1267
1195
1202
1209
446
993
1449
1411
1411
1449
1432
1455
1410
1408
1432
1453
1424
1434
1434
1424
1406
1414
1451
1406
1455
1429
1424
1431
1380
1398
1416
1459
1413
1427
1428
1420
1455
1414
1434
1459
1463
1427
1412
1459
1414
1430
1449
1397
1427
1410
1427
1410
1432
1438
1408
1438
1408
1414
1446
1455
1455
1431
1434
1434
1429
1424
1424
1422
338
1259
1257
523
1206
1336
762
311
800
240
1287
1265
696
669
668
1281
660
1250
993
1303
1360
1287
652
1295
242
1272
1249
1255
686
656
741
1469
1265
1257
994
800
1249
775
1255
280
295
1476
1477
987
1477
770
287
1469
1243
229
1242
1477
237
1267
316
317
1263
1249
1477
655
328
1300
777
1299
998
671
704
1269
692
706
1235
10
687
1237
1345
972
727
299
1373
734
1247
827
1477
682
658
1477
775
760
1280
302
1469
717
748
1415
1405
1407
1378
1411
1461
236
1229
1231
1218
1134
1004
1096
1070
1153
572
1447
1425
1125
401
1053
1066
571
1115
1029
1373
1331
1358
1321
1334
1344
1338
1368
1424
1422
1445
1445
1418
1201
1220
1292
1211
1203
1198
1261
1207
1220
1203
1203
1206
1417
1210
1158
1156
1202
1188
1217
1295
254
1218
1265
1352
1354
1352
32
1321
70
22
817
790
928
1261
1183
1145
1133
1233
1257
1293
1148
1463
1465
925
864
402
881
597
738
813
1197
1198
781
866
349
456
936
897
321
307
877
1227
1259
1253
1157
1185
1265
1139
1041
1133
509
1130
1295
1224
1094
630
1177
540
1124
1182
1210
1138
1125
1081
1019
1095
616
643
1102
1094
1112
1132
277
1231
1178
1196
1297
865
1018
515
880
1104
522
845
1184
1134
1145
1035
561
1026
1148
1112
1207
611
1115
394
1012
1007
555
1182
1184
1110
1094
1102
941
429
445
1052
1063
510
521
1056
887
1259
1245
1297
1242
1291
1196
1465
1179
1184
1319
1334
1354
201
199
1296
1168
1469
485
859
1151
1205
1186
1197
1186
1216
1287
1466
348
846
279
1069
48
137
1329
1311
62
417
1203
1187
1140
1150
1157
1243
1271
1211
1203
1182
1298
1135
1186
1179
986
1245
1096
1111
587
872
508
449
374
1477
1477
1122
555
1128
387
897
810
1072
638
1031
677
1106
1027
748
603
569
1044
864
791
378
445
311
519
836
950
1075
977
1096
935
738
717
773
947
724
1273
1261
291
990
1026
961
679
780
1034
1057
767
831
1132
1073
613
836
451
1111
1069
527
565
535
1040
896
602
398
1087
1128
272
885
1033
927
1102
594
927
604
282
834
922
1245
685
964
506
1293
1179
1214
1220
1158
1182
1184
1170
1168
1138
1219
1185
1201
1263
1179
1467
243
116
36
118
116
180
33
239
1351
194
136
1338
1355
119
87
63
107
99
991
823
1090
477
782
1179
153
232
916
913
434
567
388
1224
674
289
345
327
329
1001
695
317
339
1291
308
988
920
881
416
584
1092
1445
1443
1420
1397
1422
1324
1305
1344
1189
1217
1278
1217
1265
474
1130
366
1111
1048
711
1083
319
616
620
373
679
950
390
454
1005
815
851
1030
780
961
622
926
333
738
717
349
856
825
608
12
1197
1195
1195
278
808
274
1004
1419
1416
1414
1422
1422
1406
1418
1291
668
30
62
407
718
830
384
1120
1090
779
330
367
902
623
1013
553
727
793
431
550
341
1051
688
315
1227
353
419
718
661
266
702
728
1430
1425
1411
1417
1416
1458
1420
1414
1329
1325
785
699
1162
1163
1466
1233
1295
1296
529
1071
303
644
966
961
554
772
582
461
1068
444
1218
1257
1228
774
642
978
829
609
1261
1219
1459
1451
1427
214
234
155
214
173
177
709
537
408
506
371
1338
1321
1346
53
110
146
1372
1374
147
818
1228
1257
1144
1164
603
1015
424
1104
633
1203
1132
1062
1469
1220
1239
1259
1138
1133
1261
331
489
353
90
895
422
329
943
841
1004
309
52
30
1352
1359
1334
1336
804
389
381
905
1105
915
1111
406
1084
528
501
523
1045
1124
582
533
1090
567
556
1090
660
898
859
866
876
517
392
1033
447
1259
155
18
230
198
1411
1356
1313
1319
1351
1328
1317
1322
1361
1357
1353
1357
1357
1328
1299
701
1466
1091
238
192
170
185
217
230
181
198
1257
1189
1257
1204
1189
1177
1208
1222
1237
319
796
755
838
447
1044
1204
1185
1185
1303
1321
1336
43
957
263
998
1058
1014
1270
1197
1140
1092
1104
592
603
1219
854
351
1225
1245
1272
1200
1152
1214
719
1055
335
787
502
604
1477
900
603
693
997
623
368
509
398
321
796
387
401
1007
1112
347
1459
1350
1322
52
1273
1271
1273
1287
1274
1274
1425
1447
1430
1405
1178
1227
1133
1158
1180
1223
1168
1143
568
1110
447
1198
1138
1271
1181
1223
1150
1158
1151
1437
1429
1162
1138
1135
1221
170
631
913
799
986
788
1083
1064
973
370
441
554
1465
60
99
128
51
162
32
1226
307
772
899
586
414
296
493
1121
515
1123
1094
533
1125
1122
909
1056
1038
1100
1119
1042
1104
1040
504
1104
835
358
611
975
1295
351
696
373
703
973
568
701
866
867
708
538
1417
1419
1444
1419
642
1413
1420
1417
1400
1381
1463
1379
1400
1405
1415
1412
1404
1126
1196
1156
1134
1156
1206
1282
1298
21
1173
1235
1159
1207
1243
1259
1252
1138
1285
1151
1144
537
1261
1211
1277
1182
1172
1270
1186
1293
1239
641
1117
1128
1046
676
1238
1245
1200
1135
1179
1226
1184
1178
1153
1287
1197
1285
1288
1302
1178
1202
1208
1166
1291
1303
1233
1133
195
241
465
929
309
797
1253
1199
1146
1140
1170
1146
1230
1187
1199
1190
1355
1353
1362
680
423
1103
644
355
569
533
774
790
970
1013
976
705
714
257
657
365
909
653
1254
1434
1390
1407
1393
1409
1182
1196
1172
1204
1164
1158
1096
862
869
563
1415
1460
1443
1447
1437
1448
1443
1447
1431
1445
1444
1461
1425
1435
1414
1451
1433
1392
1435
1404
1447
1463
1463
1463
1191
296
1265
1293
1248
614
846
75
77
785
1197
1465
1350
1348
1355
1349
1355
1363
1323
1340
1180
1158
661
291
654
858
1201
1151
1267
1294
1140
1272
299
756
1221
1201
1229
1179
1188
1276
1147
1190
383
1170
1191
1160
1014
393
835
759
257
1456
1458
1461
1463
280
422
415
721
615
889
174
1368
1453
423
93
1138
1370
151
77
758
1370
88
124
1071
112
431
127
188
145
537
1189
1184
1297
1229
1206
1176
1193
1247
1297
499
153
177
215
159
1263
1269
1297
1230
722
391
1110
1050
1090
712
729
330
603
607
1115
1477
1126
1477
481
866
638
876
981
440
905
868
1107
277
1040
621
677
784
707
989
580
733
1321
1363
1343
1340
1355
1368
40
200
211
1336
1340
624
826
237
87
89
66
164
1011
436
573
1031
804
802
829
789
930
355
825
339
1094
1138
726
349
955
950
456
797
453
1477
441
537
1125
479
1228
889
1058
818
559
879
879
1085
722
633
580
1110
1034
957
619
918
413
642
491
325
543
688
257
481
1126
532
1225
1245
1210
1297
1245
1202
1138
1189
1210
1225
1354
1342
1367
1360
1330
1357
1338
1335
1342
1338
1307
1360
1337
1220
275
1095
294
783
1245
921
323
1190
1297
1226
255
339
781
1255
992
1189
1178
375
404
694
686
1166
1176
1299
1151
1053
1169
732
270
734
1241
1235
903
943
357
1300
667
397
1239
1253
250
165
183
191
1227
1317
1328
1317
1315
1348
1328
1323
1164
1160
1180
1231
246
200
101
71
71
802
954
401
980
931
378
506
495
458
176
168
246
111
182
43
1
174
127
190
184
176
208
1467
1323
1303
76
65
15
48
12
135
131
73
466
755
713
337
765
1112
1004
850
261
1119
872
279
703
1477
1125
477
1477
709
471
492
283
1111
461
1039
939
987
1047
605
368
302
315
1196
1198
634
450
1000
1080
1101
646
561
1104
430
1058
1124
1078
1092
1103
1112
841
495
942
863
1062
1092
611
1102
745
1127
1122
1480
1480
1480
1480
1480
1090
1480
935
712
1104
621
1108
913
365
699
494
1116
532
469
487
474
1360
1336
1124
777
510
683
791
364
1132
911
1052
1021
432
1120
969
543
409
682
992
945
1121
548
431
616
166
367
974
581
1047
637
560
678
409
571
1069
471
821
524
547
1168
1132
1358
1306
1343
1350
1317
1344
975
1439
1426
1115
91
