7391
1380
1205
1209
1132
1249
1235
1228
1253
1230
1254
1354
1304
697
255
1237
1232
1198
255
662
1217
27
18
5
206
70
87
244
31
198
201
12
12
4
135
2
6
1176
1001
255
271
981
576
371
258
698
731
259
269
990
259
302
821
260
931
486
1012
261
622
1103
263
507
706
264
1133
1151
1179
1202
1256
222
150
264
916
284
265
1190
1218
1157
76
1338
597
1352
1340
1305
1467
1334
1328
1361
1315
1332
1350
1307
1373
1336
1467
1315
1338
1340
1374
1308
1348
1356
1166
1432
1434
1433
1428
1424
1420
1406
1455
1453
1416
1429
1451
1438
233
39
68
1134
1134
127
118
206
74
23
195
145
9
102
55
124
212
102
1338
120
118
127
98
1339
1345
1334
928
426
196
521
487
1053
378
1123
45
1026
143
1134
1064
29
1317
1376
193
51
1412
1430
1380
1456
1436
1431
1438
1429
1455
1455
1453
1445
1434
1439
1450
1439
1429
1436
1443
268
153
268
429
415
883
1067
43
1134
585
1411
1090
967
442
547
928
321
1123
1152
132
143
145
785
110
93
272
981
707
560
1001
1334
1319
1319
72
15
46
148
51
90
199
179
102
111
109
206
166
59
51
62
84
1334
510
273
274
269
191
101
141
1127
891
303
511
90
92
22
508
276
888
923
463
971
519
351
402
1047
487
279
403
512
289
443
280
405
281
1436
1413
1465
1328
1318
1325
1353
1361
1362
1355
1348
1325
1328
1317
1360
1090
889
491
824
900
840
964
1438
1145
1134
1146
1215
1135
1201
1468
1293
1172
1195
1244
1293
1237
1211
1178
1247
1112
283
979
284
265
290
367
472
1257
1176
1180
1452
1411
1416
1432
502
419
1378
1396
1412
1400
1414
1410
288
637
1449
1394
1223
1234
1243
1295
1217
1269
678
1410
1415
1408
1405
1433
1447
1459
1416
1410
1450
1388
1418
1410
1426
1407
1392
1426
1428
1406
1418
1404
1428
1413
1395
1427
1437
1409
1416
1406
1439
1397
1418
1439
1451
1380
1437
1443
1420
1455
1428
1427
1434
1414
1426
1438
1424
1431
1435
1416
1415
1455
1422
1422
352
1003
820
1035
1267
693
1348
290
122
22
254
1249
1221
658
230
1198
377
825
291
1470
1470
1468
1105
266
844
230
1358
1266
1468
1263
1355
699
839
1468
1468
1468
1466
750
1470
583
293
1271
293
803
1377
1227
1065
722
668
295
246
1291
1471
1180
1471
1261
1189
295
295
1163
1244
891
999
684
776
1294
1178
798
671
298
298
673
1287
737
11
1230
757
828
1471
1471
919
1369
252
715
1083
805
1259
301
301
231
301
1468
1367
26
745
260
22
1471
676
1456
236
158
1180
1184
1190
1179
1429
1088
1112
986
1471
615
375
564
486
1041
1333
1352
1358
1342
1345
1449
1227
1245
1159
1287
1260
1200
1411
1446
1404
1431
1443
1429
1459
1206
1164
1147
1179
1206
1152
1351
200
311
864
305
525
775
1235
1279
1210
1142
1239
1226
198
192
132
1466
920
661
279
856
1079
307
873
308
308
580
256
610
894
1042
804
790
354
287
311
1045
1176
1284
681
1463
1196
758
1016
268
314
314
317
789
648
1241
1224
1187
1142
481
316
650
1129
1429
410
1227
1182
1471
1142
1143
1168
359
820
1144
1134
1214
1142
433
317
383
318
503
1102
1095
320
1106
1189
1177
537
1088
1115
1127
1100
1180
608
911
480
1031
1075
536
782
1287
532
977
1008
660
326
326
1064
596
1106
1115
804
1471
327
859
923
332
1249
1250
1269
1241
1230
1245
1222
1257
1197
1230
1346
1335
1370
1329
1350
1342
1344
1372
180
1182
1179
1231
887
1220
1166
1218
1140
1133
1265
1139
1243
343
1209
1179
689
184
122
1239
1149
1176
1228
1291
1255
1157
1148
1166
329
949
698
1247
1205
866
331
641
1471
1471
490
682
976
504
1045
431
381
603
818
661
880
718
335
1090
1130
294
1052
336
1042
736
484
1125
1100
1031
1087
911
680
1070
1471
503
1112
775
851
863
1141
1295
1216
637
778
1097
404
936
254
14
36
241
936
342
342
539
1127
292
343
370
1107
1020
465
344
977
367
722
492
427
778
814
650
1122
344
347
1090
653
278
348
775
854
1261
349
349
350
1233
1214
232
1206
1182
1160
1181
1149
1156
1146
1463
1225
1197
1147
1216
1184
1216
1168
1196
1226
1218
1243
1063
550
33
119
148
116
6
131
1463
162
21
220
33
170
208
13
176
77
113
195
207
129
942
204
545
351
1112
1218
824
352
685
664
877
368
934
1166
1156
353
1054
860
624
588
872
1044
355
356
570
356
614
995
357
10
1457
1410
1449
1413
1410
1455
1304
1228
1134
1152
1162
1198
1178
1469
1206
319
576
1091
1336
271
671
893
572
352
1036
577
850
811
850
808
449
852
849
550
1081
487
691
1053
474
779
1062
1135
1168
1214
1267
1185
1444
1416
1430
1413
1410
1426
926
215
30
366
1047
269
1064
1075
368
1068
710
686
581
336
773
363
371
1039
831
371
372
807
804
690
1409
1414
1436
1411
1427
1434
1453
1458
1370
1348
1311
1359
1353
1363
1366
549
741
373
373
374
1276
374
1125
374
774
332
620
598
685
376
416
729
1210
1185
1197
1241
1245
1297
377
849
617
1025
1009
1338
1420
1407
157
14
184
237
532
731
379
379
1112
391
782
478
584
1348
1317
156
106
48
1340
844
1157
1162
1185
558
1051
572
868
1221
1211
907
1102
339
214
719
1235
1217
1261
1195
1219
1195
1263
1191
261
297
1417
500
466
1026
855
1299
1209
1297
650
385
1323
1317
1338
376
1123
1037
1035
625
869
1005
941
383
420
920
483
1102
535
351
537
353
1102
391
391
427
516
2
5
1378
1354
1353
1317
1316
1332
1350
1354
1361
1329
1348
1357
1363
1306
1344
1254
392
392
256
1179
1227
1272
445
878
1164
233
163
11
237
164
192
169
1
165
1210
1227
1262
1278
1089
683
458
310
957
1097
395
1142
1160
1199
1155
1218
228
37
1334
395
1110
921
396
1123
582
16
397
865
857
935
1197
1215
1039
605
903
1108
1158
992
1168
1257
1133
1217
1182
1226
1156
402
1045
417
542
291
449
1044
1011
364
315
695
405
587
859
850
867
885
1087
903
407
1435
1332
1360
1323
1329
67
1467
83
215
1467
180
1263
1233
1265
1191
1428
1432
1436
1435
1160
1166
1229
1217
1172
1162
408
1228
1219
1240
1142
1150
1134
1162
1144
1132
1178
1150
1148
1133
1140
537
1087
822
364
1106
919
916
1121
921
1125
528
270
1070
189
26
115
121
28
165
196
357
477
1053
467
469
497
581
756
558
432
510
818
1009
406
485
549
386
1062
1079
847
802
417
615
1076
458
922
805
668
316
776
419
420
705
1284
1017
838
768
784
969
1397
1407
1461
1461
1461
1427
1407
1433
1463
1437
1457
1459
1420
1385
1411
1417
1409
1409
1463
1381
1408
1409
1407
1414
447
1182
1199
1211
1286
1457
1165
1135
1164
1164
1257
968
1201
1300
1132
1223
1226
261
1190
592
1104
534
423
1211
1297
1151
1199
1276
872
588
901
1233
1270
1280
1295
1259
1277
1148
1185
1134
1287
1237
1237
1246
1181
1142
1198
1267
1214
1228
1227
1255
1222
1146
1153
1182
52
56
974
945
1168
1134
1206
1241
1155
1182
1188
1168
1203
1245
1252
1188
1322
1332
1313
935
877
834
299
427
970
357
1076
1089
614
933
428
674
718
483
1471
1110
457
1100
1210
1416
312
469
1383
1409
1461
1409
43
88
221
10
25
49
1255
864
1409
1453
1427
1425
1438
1409
1461
1436
1417
1450
1399
1430
1427
1433
1434
1409
1409
1415
1447
1404
1445
1453
1407
1409
1463
1380
1241
1205
1291
1260
1096
611
644
1108
719
1030
1124
419
445
76
1124
1243
1197
1160
1346
1374
1321
1319
1319
1334
1357
1356
1151
524
1206
1257
1275
1263
1195
1170
1235
1243
1209
1224
1166
1248
1202
1217
1165
1274
1170
1133
1166
290
433
482
854
840
1395
1411
266
612
136
1439
1140
208
1172
56
679
434
130
1188
178
80
252
120
50
235
80
202
1187
1229
1217
1215
972
1436
1418
1113
435
435
1394
161
190
166
1141
1147
1299
435
1116
365
970
436
439
358
439
848
1132
1202
1465
1299
1215
1299
440
605
953
1125
1471
1471
498
895
788
441
469
612
257
760
1109
1067
431
945
367
349
378
672
948
1090
405
1012
414
711
1039
17
114
28
151
1361
153
1316
1367
4
1319
1325
1355
42
132
46
464
828
529
961
418
725
988
1127
1035
447
1110
846
1092
1227
1152
780
1229
330
682
424
448
1471
646
1471
449
542
449
449
449
358
448
1122
422
443
520
866
451
667
1114
1014
359
389
1097
453
465
1130
542
1052
455
455
340
1118
1235
1216
1209
1164
1156
1177
1177
1217
1201
1354
1332
1359
1313
1329
1317
1355
1345
1211
1056
1295
456
291
1191
1177
1235
1239
1247
906
1267
1215
1179
1176
1297
430
785
943
1228
1266
1049
1178
1293
1094
458
412
468
1269
175
1271
1346
1359
1348
1359
1350
1304
1350
1343
1311
1334
1321
1312
1353
1325
129
123
101
75
141
979
270
1024
572
690
941
24
190
59
42
1333
1352
1340
525
925
462
154
28
202
61
701
1132
454
368
463
465
1030
445
391
487
575
535
1472
1105
462
466
467
302
467
485
468
819
468
459
809
654
413
469
470
296
471
471
471
724
517
570
731
1277
1180
499
925
569
1124
601
497
415
1128
880
390
522
1093
903
906
625
398
479
1090
1037
534
1473
1473
879
1473
1096
283
678
1002
433
482
998
483
1342
1355
1321
1330
1343
1309
1368
1360
54
1469
1170
1009
483
1040
384
876
1115
389
484
822
484
859
278
462
485
761
996
1125
828
616
65
69
947
594
231
999
889
289
447
980
257
574
364
341
1116
816
265
388
846
918
1360
1360
1317
1360
1319
1357
1363
1357
1305
1374
1291
1198
1267
1217
1265
1170
1141
1196
1351
1357
360
460
282
940
457
331
726
1252
1233
1210
1108
696
915
1103
140
29
226
200
242
77
25
109
176
41
225
111
244
15
76
13
27
97
45
1233
486
353
1091
491
703
922
705
1121
695
420
493
321
493
494
339
1130
704
495
1124
496
496
457
496
535
694
528
1209
158
101
560
1109
1302
498
422
1234
1199
1286
1342
1370
1330
1350
1330
1323
1374
1332
1346
1340
1328
1344
1323
1356
1360
1361
1368
1342
1361
1336
1225
1149
1341
1424
1432
1390
1444
1438
1453
1453
1457
12
1179
74
193
1102
1138
69
86
1340
41
67
161
213
71
120
138
1337
1335
1429
499
267
197
499
163
500
1059
500
758
672
1142
1317
1330
72
1445
1412
1427
1449
1443
1434
1445
1443
1422
1451
1425
1457
1036
958
1115
350
897
502
1180
155
652
142
720
1119
503
1111
986
413
591
967
1142
504
1038
1180
462
269
73
216
155
200
224
83
1138
59
94
88
848
1338
734
506
506
506
506
506
506
1332
1332
1330
130
47
203
41
198
159
174
506
135
135
215
217
99
66
152
506
507
718
490
226
86
150
88
80
45
84
263
93
965
508
122
41
1104
576
1110
1043
508
971
886
1116
643
945
407
614
619
838
733
1101
681
808
1348
1324
1358
1350
1354
1361
1362
1362
1187
800
1015
389
1013
326
316
587
423
939
309
305
675
1182
1215
1144
1139
1228
1185
1267
1233
1255
1077
523
1108
516
1053
1150
1408
1420
1446
1415
517
1425
1404
1161
1414
1414
790
1452
1383
1445
1417
1255
1269
1269
1418
1451
1451
1447
1449
1408
1408
1439
1394
1435
1449
1457
1422
1414
1447
1389
1447
1459
1397
1422
1433
1405
1405
1406
1415
1424
1413
1406
1412
1404
1404
1426
1430
1413
1433
1431
1418
1416
1416
1415
1418
1387
1380
1433
1435
1437
1439
1417
1417
1406
1436
1415
1431
1401
1424
1426
1459
1455
1451
1431
1435
1173
754
1265
1202
1188
384
518
1219
519
1203
1151
1469
742
1291
1473
1359
246
1284
787
755
849
1301
1369
44
1467
1233
1217
702
1473
9
1351
1356
844
1293
879
732
1235
939
1467
802
741
1210
1244
1178
1006
1303
1267
1467
1356
1204
1241
1265
918
1293
910
1375
319
754
1358
257
1473
1473
1267
304
1252
524
850
655
728
756
1259
1297
284
526
1105
661
1184
1269
527
836
527
1299
1473
204
934
501
1469
1249
1296
414
1196
760
1469
1378
1454
240
1430
1450
1417
1407
3
1185
1221
1066
1116
529
1429
537
783
1105
530
1100
1473
772
1103
1110
926
1312
1329
1341
1360
1370
1360
1334
9
1253
1295
1224
1243
1206
1185
1259
1214
1202
1228
1230
1202
1215
1195
1217
1152
1172
1329
174
667
482
1024
1255
1291
8
14
99
1467
1467
784
446
1186
1465
1311
797
1130
337
317
655
448
613
338
1113
723
653
661
685
375
1126
1123
1096
1082
536
1132
1138
1164
1231
1189
1189
1224
1190
1222
300
1200
700
1097
473
306
792
537
481
1202
1196
1133
421
1172
1135
1271
497
1407
1051
1255
1231
1156
1233
1265
537
937
929
1220
1205
1198
1166
537
1013
1129
540
1177
1202
1162
1182
1184
1037
906
1070
634
1127
539
644
539
525
603
884
540
541
594
1124
1216
1034
1094
577
1195
1092
609
570
1082
1209
544
544
335
545
762
545
546
546
336
1111
547
481
1168
1237
1247
1241
1203
1196
1225
1223
1237
1466
1162
1352
1328
1330
1338
1376
1321
1348
1355
30
1237
1140
1153
564
370
1466
1296
1207
1207
1227
1287
1158
1186
1190
1201
842
548
994
816
73
65
1104
535
1200
1231
1186
1255
1239
1210
1196
1297
1299
1133
1132
266
736
1056
1074
1473
1473
612
1112
982
605
1015
859
1094
554
810
555
555
556
556
840
932
266
557
264
537
356
558
414
309
945
559
489
541
1305
1297
982
620
1221
18
40
107
561
561
561
616
1122
562
562
1100
563
1110
404
1086
278
379
1054
440
533
588
478
1108
350
642
840
1006
567
1062
1128
568
316
433
550
287
997
272
774
433
311
428
1229
1221
1207
1269
1204
1199
1186
1170
1217
1133
1419
1419
1302
1220
1150
1267
1188
1188
1197
1158
571
1034
1332
1368
68
213
191
221
227
89
7
10
152
181
52
8
1362
725
1122
205
60
123
194
219
198
238
51
197
978
808
905
1083
573
645
919
574
487
1232
284
192
233
188
238
189
515
1127
770
771
396
523
408
849
676
793
918
538
780
1245
578
578
407
1078
579
737
579
1106
580
504
1379
1424
1431
1399
1439
1426
1371
1359
1135
1293
1220
1159
1259
1208
1176
896
464
888
490
11
950
1130
582
1195
1180
676
702
296
959
603
583
1020
412
527
1090
1123
773
289
683
686
441
1267
1220
1149
1231
429
381
529
1415
1391
1216
1021
254
97
98
221
55
254
62
709
587
415
961
799
996
591
878
666
914
790
1104
409
593
593
345
657
314
1038
962
1017
801
812
596
1438
1454
1434
1425
1453
1432
1456
1411
1446
1411
1338
1361
689
596
304
1051
1156
597
598
797
822
765
934
599
453
1126
600
383
980
531
478
1287
602
602
392
280
677
695
1190
1245
1227
1178
1453
1422
1422
144
166
17
186
195
27
216
193
188
246
182
38
160
163
243
178
711
344
1003
337
1337
1321
1319
168
183
603
1348
1197
1203
1226
1160
1162
1187
656
1118
1198
1223
1160
336
1019
783
983
1278
1255
1189
954
604
878
605
436
299
108
104
105
250
1375
1125
64
1202
31
187
107
1344
1350
1359
1355
1094
566
376
570
1084
933
778
920
853
825
606
606
1012
894
447
607
608
451
608
750
845
611
380
834
1115
610
691
521
408
445
893
184
1414
1358
1334
1336
1328
1340
1370
1372
1356
1352
1374
1359
1359
1348
1310
1350
1308
1198
1160
1463
1113
543
591
1466
169
218
214
235
250
155
1265
1417
442
1172
974
638
282
557
986
508
330
1166
1158
1146
1285
441
615
431
944
1126
421
1107
765
706
1126
1220
693
1108
618
425
294
618
1209
638
734
1204
1162
619
646
872
560
620
1108
621
617
785
692
1473
643
623
623
636
624
1067
354
694
1071
772
1122
626
626
394
436
538
1387
72
238
121
1279
1268
1432
1158
1158
1148
1170
1153
1084
1170
1188
1243
1245
1144
479
616
630
1243
363
898
631
603
632
1019
759
169
61
142
1176
1168
798
958
905
781
993
847
634
526
635
697
635
635
636
585
1096
636
835
862
713
655
995
940
1281
1222
1211
1187
1200
917
638
964
624
1461
1461
1420
1435
1442
1409
1460
1420
1380
1414
1459
1447
1408
1461
1413
1450
1395
1396
1406
1459
1410
1414
1377
1404
1407
1432
851
640
640
1197
1302
1211
1222
1206
1203
1155
1452
1410
1196
1177
1228
1201
1189
1122
1249
1215
1184
592
347
1043
1122
894
1057
1271
1182
1201
1147
1202
1236
667
1096
1287
1246
1245
1201
1170
1147
1163
1158
1225
1263
1160
1209
1226
1269
1265
1237
1203
1243
1164
854
107
598
639
1237
1149
1245
1160
1211
1261
1263
1239
1338
1332
1311
370
288
868
644
697
603
928
594
388
1104
646
1096
706
990
560
1473
648
648
1473
1473
1202
1456
1418
1387
108
110
149
82
1297
1166
1203
1172
1303
1148
1166
1134
799
1446
1444
1393
1378
1430
1425
1432
1408
1456
1456
1430
1425
1463
1443
1414
1416
1424
1405
1452
1433
1420
1411
1287
1242
1200
1205
953
1124
897
34
24
1208
1215
1205
1166
1253
1223
1205
1199
1205
1372
1317
1351
1375
1360
1225
1206
650
546
445
369
1133
1140
1208
1190
1211
483
651
334
1255
1233
1231
1225
1150
1206
571
817
501
991
789
333
75
418
158
1166
124
112
1206
137
1115
225
535
654
654
1128
530
1196
1219
1224
1193
1193
1200
1168
1207
1461
655
1112
160
187
186
142
180
182
148
1209
1207
1278
1001
827
910
579
609
491
814
657
918
992
1257
1287
276
658
888
1132
1473
445
1045
630
922
422
660
339
535
1039
881
662
1072
454
592
613
447
663
663
1132
631
1110
666
1361
1319
239
32
1350
1101
610
440
763
1352
424
444
1124
668
669
322
1296
1185
1186
679
431
675
1474
862
1474
1474
491
1474
1474
1015
393
298
1106
641
673
1042
308
1107
558
372
547
494
605
565
1027
1106
472
904
424
975
563
586
1041
1079
678
678
326
1297
1224
1218
1469
1222
1253
1201
1218
1204
1208
1235
1329
1340
1325
1376
1368
1323
1357
1321
1357
1358
1354
1344
1338
1355
1362
1361
1335
1376
434
1215
1295
1204
378
412
896
607
1207
1206
1235
1228
1235
1084
681
1003
681
736
1285
411
605
682
1209
1176
276
851
262
296
1162
1237
1230
1257
667
1199
684
1029
1209
1128
1211
403
1210
453
686
1301
31
157
158
149
223
231
1227
1348
1352
1313
1356
1328
1325
1352
1321
1342
1184
46
32
138
118
37
241
916
341
687
735
123
181
175
104
53
127
126
250
1324
1311
954
12
146
138
56
687
688
279
688
927
485
923
689
496
690
460
674
835
887
275
340
692
692
692
617
1474
536
688
693
694
485
473
302
510
1094
494
979
696
860
490
675
875
616
635
306
698
1224
1214
1140
1261
1053
258
537
461
1025
1474
1075
536
632
1111
584
819
1102
383
450
364
1107
367
1100
1475
1475
491
258
704
1197
704
1342
1344
1325
1353
1356
1228
1124
705
705
537
647
1113
608
263
707
401
360
707
85
139
241
883
708
463
1465
244
708
1427
142
709
709
431
677
1129
938
710
710
1128
987
1330
1371
1357
1332
1321
1362
1362
1372
1270
1210
1299
1416
1299
1258
1190
1259
1243
1243
1237
1283
1249
1279
1187
1351
1356
273
841
605
504
576
1257
1296
18
181
132
69
10
66
216
249
204
72
71
201
167
199
220
34
190
148
160
35
234
7
1208
713
713
637
714
714
714
293
300
715
715
716
716
717
568
717
491
512
1128
718
32
1229
1200
1208
1225
222
1352
1055
739
586
431
253
16
1354
1361
1325
1336
1357
1363
1334
1368
1332
1328
1342
719
1424
1448
1459
1435
1418
1418
1424
1390
1436
1436
1428
1451
1438
1424
60
85
71
48
215
225
80
156
108
40
219
168
159
1342
1334
175
86
1341
1453
943
991
39
1130
199
89
39
75
1106
1111
566
633
1336
110
1323
1319
1309
1434
1409
1445
1433
1411
1432
1428
1442
1452
1426
1429
1445
1453
1451
1455
1458
1383
1444
1427
1445
1457
1451
1436
1429
1382
1429
1439
721
1108
302
722
126
446
93
146
1086
951
724
907
1011
1046
1083
489
485
1443
348
620
1096
140
1344
43
88
53
49
91
726
993
727
993
479
1128
1102
1318
1330
1334
1334
1336
1340
1325
100
64
168
729
42
197
1325
208
250
105
234
107
1330
1330
942
191
509
221
34
141
196
82
126
43
108
47
110
1335
966
56
54
54
117
102
81
730
730
379
726
405
1095
735
1102
550
1113
710
633
733
510
288
315
948
1063
719
687
812
861
754
1429
346
621
736
881
866
603
449
1178
1280
1269
1214
1226
439
1094
739
739
348
571
838
740
938
1229
1228
1413
1412
1446
1386
741
882
1185
1426
1384
1448
1412
1419
1379
781
1413
1458
1425
1425
1239
1188
741
1422
1453
1384
1412
1416
1431
1420
1422
1411
1437
1408
1422
1431
1447
1391
1406
1380
1386
1411
1452
1432
1410
1408
1437
1410
1422
1405
1393
1405
1461
1408
1412
1420
1430
1413
1406
1454
1399
1404
1416
1434
1457
1408
1459
1439
1437
1433
1415
1433
1408
1454
1437
1424
1378
1451
1426
1445
1406
1418
1433
1424
1401
1398
732
433
1214
1239
1292
742
1373
30
29
1241
735
244
1230
743
743
1375
743
743
1475
1265
1469
1469
744
744
729
1371
745
749
1187
235
1353
127
35
1036
826
746
746
746
1235
1359
746
1377
747
747
812
432
748
1282
1475
1171
9
745
749
1475
116
1469
1475
749
699
597
750
1469
750
445
726
677
751
1467
1475
1246
752
752
1469
753
1475
753
651
753
240
409
682
754
1469
234
757
1475
1218
116
236
1380
1414
1442
2
879
1195
1140
1292
759
1208
966
537
443
450
1096
1105
455
606
414
758
526
600
902
1304
1431
1451
1422
1293
1229
1233
1235
1257
1219
1190
1222
1221
1267
1247
1398
1427
1382
1430
1411
1176
1230
1197
1196
1344
168
78
39
94
759
477
701
759
487
434
778
304
1100
299
1259
1263
1222
1259
1146
1241
1221
1291
1219
1283
1284
169
1467
223
151
786
1464
762
888
270
1104
763
595
763
671
1018
797
944
1065
1202
1156
401
717
854
1110
767
654
768
768
938
768
769
793
769
769
1226
1171
1200
1255
1207
1146
1269
428
1162
546
1176
1214
577
372
771
1280
1188
1176
1026
452
602
1153
1176
1295
1299
1177
1118
1132
545
773
955
915
418
1059
613
1108
1065
385
1104
1275
645
535
776
1257
777
617
287
622
1216
1167
535
502
805
865
443
376
1110
1028
409
1001
500
781
508
925
537
1092
1014
441
403
421
1096
505
990
1243
1197
1297
1287
1147
1248
1204
1254
1253
1201
1267
1223
1464
1465
1179
1340
1344
1357
1343
1325
1334
1336
1354
1355
1354
1348
1342
1342
1352
1357
792
1140
1172
1223
1135
1145
786
1220
1211
1177
1257
1177
1263
1188
1134
1187
1165
1466
791
765
1049
535
674
128
189
103
884
1221
1200
1186
1215
1295
1239
1178
1144
1219
1135
1261
788
1249
1193
253
262
901
904
577
556
789
1475
1475
1092
510
603
1122
1128
987
532
569
622
575
792
977
329
769
1063
629
303
924
796
707
923
740
647
701
798
1475
365
735
881
507
649
940
998
869
176
115
800
801
1125
874
801
578
673
802
1010
393
392
1104
327
1058
435
803
365
1100
624
339
276
373
1052
447
394
1109
669
603
712
1110
808
815
809
929
353
1237
1287
243
1223
1224
1206
1158
1189
1188
1180
1182
1222
1142
1217
1201
1282
1465
1228
1226
1158
1218
1182
1330
1306
1353
126
1467
131
144
91
115
82
1467
1467
191
118
226
220
173
1362
63
1355
1336
899
386
232
205
229
154
179
810
924
811
1110
1045
1221
161
161
147
166
836
1089
1072
821
1261
956
813
813
813
1263
1265
1220
670
341
814
1042
815
242
1431
1451
1351
1353
1355
1367
1186
1216
1210
1237
1253
1187
1469
815
1334
1095
502
482
1208
824
1170
1180
267
1224
325
268
502
817
653
818
818
472
701
329
1124
468
618
1112
820
325
401
880
821
1199
1184
592
1420
1435
1410
1427
119
430
1048
1109
375
966
823
845
569
827
731
825
724
354
351
745
855
586
725
898
796
1389
1428
1404
1392
1425
1434
1387
1436
1353
1329
1325
1351
274
954
261
829
274
830
429
830
770
733
744
283
1466
1293
831
618
417
1466
863
354
373
277
443
1150
1253
312
390
1245
1203
1436
1443
181
246
36
3
251
38
183
162
165
163
164
242
188
218
190
366
384
406
927
837
90
239
1363
92
1225
1225
1206
1134
1112
584
797
1281
411
1112
605
1007
97
185
282
1225
1139
855
69
1386
1362
1239
1231
1247
1283
1016
596
1344
1346
1336
1317
1323
841
1124
841
1102
528
328
916
854
982
916
1106
1102
1040
1105
845
510
1100
727
319
891
1096
922
380
629
823
505
971
603
321
950
806
1106
393
159
1352
1338
1331
1350
1366
1340
1310
1328
1372
1350
1346
1258
1228
649
972
1049
1093
415
1144
1235
197
182
183
202
154
136
182
1232
796
793
1197
1204
346
951
322
259
492
327
658
292
1106
1237
593
29
145
1315
15
619
854
830
342
1102
273
1119
1138
1133
1168
854
989
791
1218
1162
1197
509
523
315
634
538
1172
1164
1286
1168
855
856
612
856
1125
1123
1128
1475
497
806
566
809
406
603
722
338
952
402
443
861
861
381
388
1123
1358
1461
1376
1330
44
75
90
23
122
146
1272
1133
1147
1432
1447
1432
1436
1435
1452
1196
1229
1184
1265
1170
862
1203
1203
1133
1222
1180
1202
1297
1160
1162
1179
1195
1177
1164
770
553
282
863
1115
950
289
502
865
1466
18
1466
147
165
137
211
1223
893
866
835
1092
548
640
779
566
858
605
1018
1130
633
609
1010
869
842
537
872
387
582
873
907
321
874
647
332
772
834
280
875
1259
1235
1200
807
1091
452
1055
535
709
1417
1405
1405
1412
1408
1400
1463
1426
1437
1388
1432
1431
1405
1404
1409
1420
1438
1106
1104
1151
1293
229
1451
1407
1294
1229
1264
1253
1291
1207
358
488
1295
1186
1169
1259
1184
878
1259
1227
1230
1149
600
1076
916
1181
1299
1170
1233
1299
1138
1249
1134
1291
1216
1220
1272
1187
1230
1204
1218
1231
1184
1140
1197
1169
1200
1263
1203
16
173
1025
333
444
799
335
1293
1249
1230
1153
1167
1147
1241
1249
1210
1247
1313
1343
1316
1344
1311
553
753
1034
527
835
893
848
489
559
575
1068
642
884
764
561
884
303
1476
885
363
886
1476
571
640
332
575
1242
1190
177
1412
1421
1406
30
149
130
229
1198
1172
1263
1281
136
537
915
1411
1425
1449
1405
1439
1425
1449
1456
1414
1453
1429
1404
1427
1449
1430
1425
1461
1427
1436
1407
1455
1463
147
1236
1231
1252
1233
1287
1200
1291
887
694
889
125
785
757
265
814
1179
1329
1338
1317
1306
1354
1214
1209
1223
1156
346
890
890
1233
1161
1224
1277
1219
1188
761
1164
1239
1217
1291
1229
1297
1200
911
1208
1152
1202
1146
843
891
892
398
997
691
425
412
854
604
894
1476
810
895
895
1449
1104
170
98
1190
66
68
1069
1443
87
62
114
896
897
1125
1319
1145
1188
1178
1233
805
1262
1187
1210
1208
1460
1405
489
605
160
138
237
170
15
1287
1245
1107
898
758
1040
1122
1090
642
899
486
1096
1138
1247
1477
900
972
352
1016
874
535
914
902
902
712
903
914
459
1123
581
1058
788
721
811
67
201
1344
1357
1323
4
6
13
1355
1076
1344
1352
153
249
91
572
457
802
381
724
907
447
939
875
854
657
1238
1214
554
1160
1206
1199
911
639
1096
553
843
273
449
484
611
696
511
1128
603
943
955
480
1007
413
916
968
916
918
1130
882
1046
1086
522
918
287
346
259
998
454
1130
643
300
1073
973
919
1077
1092
920
720
777
1125
493
792
1166
1156
1184
1184
1164
1196
1195
1180
1144
1153
1172
1201
1216
1323
1314
1321
1349
1360
1362
1336
1351
1349
1310
1377
1357
1356
1344
1355
1370
1353
1351
1358
396
1295
1227
1240
732
921
922
867
1220
1226
1132
1199
1112
834
1141
922
663
309
807
851
318
1160
788
1209
1158
1216
1303
1254
837
673
924
516
1237
256
504
1057
1216
1267
1201
1036
926
1253
366
927
1245
1199
1242
688
689
185
1370
1356
1337
1315
1323
1313
1360
1346
1350
1345
1307
1325
1332
1185
255
79
116
170
42
820
928
301
390
24
119
164
137
253
152
219
1333
1367
1361
1350
113
211
113
8
154
3
64
136
146
249
1122
929
485
929
809
930
930
962
441
931
931
649
498
935
932
932
933
1032
933
461
298
1465
565
970
382
603
595
1261
1184
1201
954
425
371
422
936
522
382
1107
559
564
918
938
404
521
605
1110
573
467
905
1477
940
1077
1108
1477
1477
1477
1123
1187
941
941
1103
460
418
943
1316
1329
1310
1309
1336
1355
1359
720
1215
549
584
1130
764
815
959
598
458
920
509
329
260
740
630
949
1087
411
949
448
950
61
78
105
46
131
1465
611
1094
251
1449
1465
687
387
780
951
967
930
733
581
1115
520
882
777
1094
1199
995
956
1038
956
1361
1314
1368
1363
1353
1325
1360
1338
515
1205
1241
1205
1205
1142
1204
1299
1177
1185
1352
1361
1359
1361
957
957
1
180
203
207
45
28
211
98
207
235
37
251
35
59
99
21
11
601
958
290
958
637
1105
609
944
960
960
960
960
858
774
961
652
962
595
962
963
837
963
964
964
283
488
817
464
715
508
1202
1219
1135
1179
1138
1135
1171
217
1109
271
747
605
568
1328
1360
1321
1350
1362
1323
1353
1351
1332
1357
1342
1348
1374
5
1195
1149
1140
1422
1430
1416
1434
1424
1432
1438
1459
1388
1406
1438
1437
1453
1458
1442
1395
33
47
84
70
224
1
223
206
64
157
105
129
162
176
1329
178
1330
8
94
1354
1339
1434
531
699
875
410
219
968
935
968
969
79
1359
3
969
1363
1323
1340
1410
1407
1384
1428
1426
1451
1381
1435
1453
1445
1445
445
519
1138
1151
334
368
1049
626
1138
147
141
605
625
375
671
662
639
1144
1126
109
1122
109
537
973
973
973
975
1351
89
140
1463
115
89
140
1057
106
232
111
697
975
528
292
975
978
504
114
1338
1321
1319
143
63
48
50
83
205
211
55
214
155
212
212
208
222
156
79
240
1145
567
74
216
68
128
86
94
1323
92
762
60
37
515
111
87
1111
1090
845
1106
359
1008
472
1123
1073
1033
756
428
374
1096
980
544
1100
583
532
825
801
983
983
1348
1358
1358
1320
1376
1374
1331
294
455
634
1079
494
978
987
972
1135
1225
1170
1184
1045
660
1102
1477
876
1477
1466
1165
1414
1412
1428
421
1010
989
1235
1412
1417
1404
1421
1451
1405
1381
1444
342
853
1378
1241
1241
1227
1216
1196
874
456
1431
1398
1412
1457
1430
1457
1415
1408
1433
1443
1434
1424
1415
1422
1420
1418
1449
1385
1437
1428
1426
1449
1450
1423
1418
1434
1398
1416
1426
1413
1437
1415
1459
1459
1444
1447
1406
1459
1410
1437
1439
1416
1405
1408
1426
1413
1459
1428
1415
1459
1418
1408
1428
1437
1424
1432
1425
1435
1428
1449
1437
1431
879
1247
1247
502
1138
1363
1122
992
684
245
1219
1247
826
664
727
1247
365
1189
748
1219
1356
1299
994
1255
239
1248
1179
1249
994
734
657
1469
1253
1265
800
512
1177
737
1249
811
996
1477
1477
755
1477
708
997
1470
1249
239
1275
1477
5
1203
910
562
1245
1249
1477
645
800
1219
358
1242
693
999
999
1291
1000
761
1274
230
890
1300
1347
711
751
1002
1376
717
1249
1002
1477
767
977
1480
873
751
1270
751
1470
699
1004
1438
1396
1391
1429
1413
1407
32
1227
1218
1176
1139
1004
1004
387
1162
1005
1449
1430
1094
343
1132
1115
555
1007
1115
1331
1320
1329
1315
1363
1351
1372
1336
1457
1457
1422
1431
1405
1239
1261
1280
1248
1207
1265
1224
1207
1245
1253
1291
1224
1379
1164
1140
1215
1243
1186
1177
1298
63
1187
1294
1323
1342
1342
25
1325
194
70
614
978
1008
1290
1135
1164
1138
1258
1214
1294
1178
1465
1464
1008
325
1009
372
433
271
989
1269
1219
738
877
842
854
830
1012
764
983
529
1198
1256
1198
1185
1264
1257
1162
579
1156
1013
1089
1203
1197
1013
965
1224
1069
1014
1135
1204
1144
1014
1084
1029
554
585
912
1010
1017
1033
1140
420
1230
1222
1210
1258
1017
1124
860
511
632
535
1019
1182
1169
1138
1092
382
703
1142
1020
1231
1046
587
898
1028
936
1094
1204
1219
1024
1024
1026
829
1025
567
483
1078
488
944
345
1027
1253
1259
1263
1189
1259
1223
1465
1208
1186
1311
1352
1329
48
70
1247
1228
1470
920
1028
1211
1216
1201
1214
1167
1257
1265
1466
1021
780
297
904
23
106
1317
1346
83
489
1204
1144
1149
1190
1199
1225
1198
1243
1221
1144
1262
1220
1183
1144
495
1233
1030
1092
1031
922
901
1032
355
1480
1480
1032
1032
1094
431
1066
831
540
762
1112
385
1102
488
887
1048
1093
535
782
411
483
913
852
518
793
822
631
483
569
659
819
347
664
779
401
1259
1276
307
520
1041
852
512
270
574
641
812
397
1043
1044
397
876
1108
1108
1045
1045
659
1126
423
1045
863
987
1045
1045
649
1045
1045
1045
1046
1064
924
355
854
994
920
1293
306
839
853
1145
1214
1263
1176
1178
1160
1220
1158
1223
1158
1229
1180
1156
1255
1171
1467
144
112
34
91
112
100
13
25
1328
23
225
1358
1336
217
40
77
185
195
1048
787
1112
470
394
1176
174
38
1050
1104
1050
1050
508
1200
889
708
580
669
755
583
729
930
395
1225
698
798
1053
1041
557
728
1054
1455
1443
1400
1421
1455
1351
1362
1362
1172
1207
1230
1261
1230
949
1075
1055
1127
1057
1044
1055
272
1055
901
1103
450
651
642
1057
1055
1057
492
1057
957
433
515
1059
626
967
382
403
306
679
969
229
1202
1207
1239
277
703
760
454
1423
1433
1406
1435
1431
1410
1415
1266
763
7
192
937
829
1066
976
1033
1066
756
300
384
1067
615
548
1068
517
912
1069
1069
416
1052
1070
317
1207
1071
491
1018
914
738
782
772
1456
1430
1423
1406
1418
1409
1410
1448
1358
1358
742
1073
1159
1222
1466
1261
1276
1303
1073
386
966
1074
333
322
858
557
998
517
481
905
1168
1241
1215
344
591
310
312
1078
1239
1190
1459
1447
1457
236
243
175
228
199
188
563
1078
357
1110
338
1372
1372
1342
78
49
44
1332
1319
179
303
1201
1181
1134
1156
1080
1080
1028
1110
1034
1177
1082
1082
1470
1196
1263
1195
1148
1186
1269
934
867
288
101
1083
410
606
565
323
416
774
33
121
1323
1332
1363
1360
937
531
320
1090
1004
333
1088
320
1088
388
869
636
442
787
349
1115
1090
981
1045
1090
721
638
328
1090
1090
899
848
1090
1038
1198
220
243
232
202
1419
1313
1328
1319
1311
1350
1363
1362
1313
1315
1344
1328
1342
1363
1283
683
1466
1091
234
151
159
184
228
233
178
205
1238
1188
1265
1185
1189
1239
1230
1269
1269
951
917
776
1092
510
1092
1239
1168
1166
1307
1328
1346
54
868
1051
1019
1092
1092
1270
1287
1204
1092
1092
603
1127
1257
417
674
1195
1253
1300
1229
1158
1253
625
578
836
684
854
1094
1480
1094
695
732
652
307
955
1094
275
910
846
360
363
1095
1110
503
1449
1330
1349
131
1272
1273
1273
1273
1274
1178
1454
1425
1433
1461
1179
1156
1162
1132
1180
1208
1231
1142
603
1096
360
1160
1153
1277
1132
1170
1150
1144
1148
1430
1445
1153
1178
1142
1220
186
980
1096
337
900
810
860
1124
1031
1096
487
443
1465
121
73
4
177
196
236
1200
656
712
904
1131
526
493
519
1129
520
530
1003
1100
880
1100
1100
1054
534
1100
537
1101
535
1020
971
544
854
347
1037
757
1232
976
988
430
725
580
1102
304
1053
605
1005
416
1378
1394
1397
1461
1074
1384
1404
1414
1412
1404
1404
1400
1420
1421
1392
1418
1407
1103
1209
1186
1184
1222
1217
1282
1261
26
1199
1269
1226
1223
1179
1235
1297
1140
1298
1158
1144
1103
1267
1231
1286
1189
1178
1293
1138
1301
1269
630
1104
1104
309
419
1255
1143
1189
1145
1151
1225
1185
1176
1144
1288
1291
1290
1290
1253
1145
1245
1237
1226
1291
1291
1211
1140
17
40
942
549
599
803
1265
1177
1144
1156
1135
1190
1231
1222
1135
1162
1340
1312
1315
323
1104
1050
322
927
918
453
842
660
670
912
959
816
883
452
737
720
442
734
1293
1424
1411
1407
1446
1413
1182
1295
1180
1240
1135
1170
1106
338
539
1106
1413
1460
1445
1447
1443
1438
1445
1447
1443
1443
1427
1461
1436
1447
1420
1439
1425
1446
1430
1447
1443
1463
1463
1461
1230
728
1188
1240
1264
1033
516
252
60
1006
1247
1465
1323
1317
1340
1339
1319
1325
1357
1363
1187
1190
706
311
883
986
1211
1164
1267
1295
1140
1218
896
1107
1198
1170
1205
1201
1229
1295
1168
1160
847
1218
1208
1210
308
343
854
267
277
1454
1392
1463
1463
965
477
530
662
963
431
85
1338
1439
659
47
1133
1340
99
53
837
1319
150
92
1108
213
491
82
228
152
1108
1167
1158
1297
1299
1225
1179
1195
1249
1297
1108
200
189
218
153
1221
1288
1293
1207
656
721
1108
1113
1106
702
441
1109
1109
1127
1109
1480
1048
1480
970
489
847
1021
676
477
1123
574
1110
659
390
489
447
806
340
915
1002
995
1313
1334
1353
1348
1317
1336
139
73
231
1355
1353
979
543
249
139
87
81
50
1072
426
444
854
702
839
568
340
473
312
553
633
1112
1183
767
1118
586
937
331
501
337
1480
461
434
1056
1106
1208
510
1114
1115
1100
582
876
1115
1126
432
1115
1115
1115
294
573
320
821
807
328
771
1122
325
291
554
882
334
1261
1245
1168
1298
1298
1211
1182
1217
1186
1205
1352
1354
1329
1362
1360
1329
1353
1347
1369
1357
1305
1358
1359
1198
917
1119
406
652
1297
1120
427
1224
1299
1221
1132
742
790
1268
485
1222
1185
791
712
378
700
1215
1228
1299
1152
899
1223
787
1122
974
1281
1239
387
740
459
1300
679
976
1229
1164
252
201
214
144
1227
1374
1363
1363
1359
1330
1363
1352
1132
1172
1168
1208
245
21
65
125
173
441
479
988
562
1107
868
1111
765
1123
150
143
217
203
240
238
93
130
97
177
162
203
24
1468
1346
1369
100
145
113
125
6
63
114
119
1123
258
446
827
345
432
819
1124
473
1130
1124
327
806
1480
1124
1124
1481
816
524
466
853
498
277
1125
1007
1125
1104
511
279
680
920
1207
1209
862
398
653
1125
864
1125
1127
1126
509
1126
1047
600
274
1126
1126
1126
843
651
1126
540
1126
1126
1128
1125
1104
1127
1481
1481
1481
1481
1481
1055
1481
430
760
1072
330
1127
508
965
1127
1127
1127
507
1128
1128
1128
1333
1366
1113
456
897
791
478
672
1128
281
644
1127
413
1128
890
565
585
931
335
601
1130
858
543
1130
194
1043
824
895
1130
534
1130
663
877
619
1131
831
947
535
474
1257
1121
1322
1356
1351
1340
1370
1353
645
1435
1435
1112
120
