7391
1131
1355
1380
1382
1404
1383
1404
1398
1391
1391
1461
1475
338
1147
1356
1354
1355
1148
149
1026
1191
1190
1193
1459
1261
1259
1369
1369
1259
1424
1424
1424
328
289
315
1178
1353
983
852
996
992
1117
1119
976
986
987
853
1122
1123
847
856
861
852
860
858
835
859
842
846
834
837
854
849
1188
1189
1188
1186
1185
297
322
621
70
131
188
1263
1465
1325
1179
416
880
386
724
1282
419
731
721
386
391
387
409
372
371
389
376
724
724
724
719
721
723
735
1245
1415
1425
1417
1249
1247
1252
1417
1247
1249
1332
1332
1332
1249
1419
1419
1420
1255
1178
1237
1237
783
1409
1457
506
1112
829
1287
1363
1363
504
1259
1172
1184
1184
1455
1185
1454
1453
1410
610
1257
515
1214
1215
1214
1208
1214
785
1214
1237
1178
605
1469
638
663
1415
1416
1463
1463
1463
1265
1265
821
819
813
813
802
789
798
1448
1362
1144
1142
1413
962
954
836
1237
1422
614
605
1348
1342
1112
1255
854
1361
43
23
69
76
1220
10
63
1178
1216
1112
1112
65
1196
1216
1299
1299
983
979
1115
730
412
387
326
321
779
329
290
284
517
770
292
1160
1452
506
504
294
1216
1216
754
637
1123
1123
1344
1347
1370
828
823
838
850
838
838
1112
303
745
471
486
493
492
486
502
501
479
483
477
479
584
128
167
1149
101
1149
148
1146
1152
1424
1466
1426
1426
1427
1469
1426
1427
1427
1426
1455
1426
1455
1426
1222
1223
1222
679
683
678
1227
1468
1104
1104
1102
1108
1094
1104
1095
1101
1106
1110
1109
1101
1457
1457
1457
1457
1201
1266
1199
1201
1198
1202
1198
1269
1323
1323
1323
1375
1250
1248
1378
98
220
1412
1465
1464
1459
1417
1417
163
213
950
963
573
1311
1319
522
1466
1466
227
1130
1134
1223
1134
1130
1153
1155
1156
1008
1360
1331
1255
1152
1152
1133
1133
1138
1138
1229
1231
1330
1328
1231
1328
1138
1255
1253
1229
1233
1255
1226
1134
1223
1142
1133
1223
1330
1130
1142
1330
1328
1329
1329
1328
1225
1223
1140
1225
1226
1152
1287
1287
1140
1180
1184
1180
1172
1465
1180
1220
144
317
319
782
1187
1425
1446
748
1465
499
490
1171
38
1475
1471
162
242
1204
1260
715
520
548
520
710
1202
1198
1471
1480
1471
1475
501
594
861
1227
528
1181
1357
664
1077
1229
1179
24
1123
311
532
1471
1359
1305
1187
1239
204
37
1097
1480
164
336
270
989
579
520
115
1448
1229
1335
978
1312
991
507
1406
1271
1277
1344
1471
1334
739
742
964
282
965
1469
1467
1198
305
1270
1406
654
745
978
238
311
1223
1204
1361
1415
1235
920
922
920
1374
1376
82
100
110
1472
84
104
82
136
91
660
1176
1176
1172
1172
1009
1388
1390
1388
1387
1383
1392
1466
1265
1266
805
809
790
811
1102
1102
1102
1100
1104
1110
658
326
1435
879
869
869
879
1064
1076
565
1415
1413
1322
1113
1111
303
1475
1358
1357
1437
1057
612
615
617
621
68
70
37
50
30
42
34
1216
8
11
35
65
1106
1452
1215
1469
929
1127
1443
1339
139
115
1438
1439
1439
1073
1426
1186
1186
220
1227
175
1126
1452
1443
1317
1407
1472
1045
1263
1092
351
1222
576
578
1241
1053
81
190
114
130
83
93
99
168
1412
1087
1085
695
1148
1338
1338
458
539
1228
468
494
473
973
1201
1198
1033
872
680
694
676
692
878
257
235
233
1356
143
1357
266
255
449
447
1406
1387
917
917
929
929
1106
1093
1354
1399
415
404
397
1221
714
738
717
717
779
1177
1177
1177
49
1047
1045
1047
1045
1047
1035
1263
1262
1162
1408
1407
440
1197
1447
1048
1046
1045
1018
1031
1020
1029
1176
1090
1340
1443
1437
1313
1313
881
183
128
242
283
239
585
348
346
366
1162
337
601
342
331
334
1466
356
366
358
121
179
149
103
125
187
687
903
282
1208
1205
1204
1206
1471
1203
1205
1205
1205
1207
1241
1246
1243
1217
607
1218
1217
1217
1113
1111
1433
1433
623
60
62
66
66
30
53
1168
1168
1168
443
232
426
214
423
441
465
427
444
206
461
447
253
197
443
236
431
5
431
538
135
196
219
1410
1355
1000
940
942
930
1092
935
942
939
1450
1414
1104
925
916
916
923
916
918
925
1110
1108
466
1319
747
742
762
759
752
752
1266
1261
1195
1195
1321
1261
1321
1321
755
756
748
761
753
761
633
897
468
221
227
1407
1437
1439
1435
1438
1436
1435
1439
1319
1317
1439
199
1125
1125
461
466
457
424
469
216
200
201
436
214
1480
1360
1012
1007
1361
1299
1360
377
1451
1066
1265
543
535
1263
581
1317
1125
467
1367
1306
1336
970
973
1270
1333
972
972
1335
1277
1280
1267
1267
1279
1269
969
1199
1199
1200
1197
1201
1422
1420
1104
1100
1108
1106
1110
1361
1360
1297
1006
1299
1297
276
943
945
1127
254
279
193
199
223
233
283
211
231
260
195
457
470
253
236
218
220
244
277
446
1361
1361
1362
1144
1144
1449
1449
1362
1418
1418
1418
1418
1418
1418
1418
602
129
123
904
674
1035
1228
1228
1227
1207
1206
1206
1166
452
228
424
442
1243
1241
1356
1243
1239
1352
204
631
1219
1219
1357
1285
1255
1254
896
899
900
775
1121
170
129
132
245
229
269
99
116
415
384
516
510
511
408
207
1034
1028
1021
447
462
458
1127
1017
1024
1164
1162
246
915
434
570
570
566
1407
1406
1408
1407
1190
147
184
1008
1201
177
111
1338
1393
1390
1404
1170
1168
392
385
406
161
84
88
185
185
186
108
117
161
446
685
903
905
876
1127
449
137
87
467
865
874
445
774
767
1010
661
650
640
641
643
667
670
662
659
655
667
672
648
641
1246
625
608
619
1460
1460
1460
1056
1054
1255
884
765
774
767
897
891
763
774
769
1319
1309
560
1316
907
127
174
116
186
907
688
1094
1092
1110
1110
1107
511
305
404
1206
1206
1205
1208
1208
1205
1433
1445
1445
1445
1429
1359
1359
491
697
478
697
1359
1145
1360
1449
1449
1359
1374
1372
1374
1128
974
967
971
277
1235
1210
1209
1357
1352
1429
1357
1350
1209
1211
1211
1215
1463
1357
1358
1229
1408
1408
1408
1408
516
1471
518
510
1471
505
1475
1475
1477
1253
1466
1378
1376
952
1325
1263
1265
527
544
537
343
1081
533
530
539
537
555
537
537
1186
535
1265
1325
1092
537
1126
1124
877
863
1451
351
367
365
94
94
170
878
880
301
1158
1111
1160
318
322
287
1169
1180
1182
1171
1122
1122
854
858
844
839
834
478
698
702
345
593
594
586
346
334
496
482
477
491
480
698
1340
1341
202
198
1356
1125
1127
1039
113
150
189
121
432
1129
1224
1330
1329
1330
1224
1329
1233
1133
1233
1233
1233
1224
1152
1231
1231
1230
1231
1230
1230
1225
1135
1135
1133
1293
1412
1410
1412
1310
1005
518
531
527
534
1262
154
545
1040
563
550
1177
600
1358
485
971
969
112
535
1070
529
1358
1465
491
704
1148
1359
536
581
1030
1048
1037
525
1325
1263
1187
1188
1189
1189
1186
1186
1189
1189
577
575
546
1032
1014
1090
547
1464
1158
306
1127
227
1108
1094
1100
1108
1096
1102
1100
1100
1102
1096
1106
1106
709
418
381
1348
1348
1346
1342
1342
1348
1346
35
60
52
45
24
11
17
15
1346
62
71
54
1425
1232
1363
1363
1224
1156
1156
1156
512
503
512
505
507
512
924
909
816
804
806
804
801
819
822
793
820
799
806
957
805
812
958
963
953
1362
796
818
798
802
819
814
814
822
1352
1239
1241
1238
1055
611
29
68
27
42
68
50
76
312
1455
1110
1105
1096
1286
384
406
418
383
1455
1220
376
524
81
543
528
528
536
1067
549
563
1313
535
1313
1317
1315
1243
1245
1245
1240
1241
1243
1245
182
441
1420
1336
1421
1299
1008
1258
1257
1237
811
519
1196
583
1112
965
182
944
582
898
1184
829
830
916
1475
284
1179
920
1103
1295
1109
1431
807
1156
1338
1422
1422
1265
999
764
777
1107
1109
1103
354
366
341
357
356
703
702
482
484
1353
1355
1466
1079
569
1432
344
494
474
1162
585
602
597
360
337
364
153
125
119
333
363
343
79
131
175
146
337
335
341
108
81
1053
13
4
6
310
296
312
1158
1291
312
1291
1290
319
1409
1408
368
296
301
1195
1357
1352
1348
1352
1352
1350
1350
1350
1348
1351
1350
1352
1350
1468
1454
474
1354
1439
1435
608
71
18
29
26
50
50
54
74
48
635
1057
621
630
620
632
618
59
34
60
1220
1219
1220
1220
55
53
9
75
44
2
70
67
634
1319
1082
560
564
1317
1317
1046
560
1090
707
722
420
394
393
381
407
397
1092
502
1064
1428
1430
1432
1090
536
1016
1069
587
1413
567
1410
573
1433
1430
1428
1430
1434
1325
1428
540
1073
212
274
1429
1429
1068
999
1462
657
652
657
652
657
658
1443
651
637
644
640
653
662
645
327
329
1160
1160
1160
1257
1215
1235
1429
1204
1350
746
758
762
756
740
723
394
1257
1218
1457
320
1413
308
1160
841
1287
1287
1288
1164
1287
176
155
144
128
107
122
1473
1291
1115
995
1117
976
981
983
979
993
1115
996
980
1116
212
212
454
454
212
261
206
1438
1436
1436
1434
1244
1245
67
1125
458
425
463
205
200
261
255
241
1126
595
588
151
363
343
358
603
77
82
1473
1473
89
1473
1062
1219
6
8
854
1121
1124
840
1455
1283
1281
1416
1281
1416
1285
1284
781
1406
1405
1180
1179
1184
1184
1180
1182
1180
1198
1300
1271
1447
1447
1447
1306
1463
1305
1447
1427
1463
1158
787
1164
1164
1236
1209
1211
1304
1267
1274
1272
1280
1276
1338
1334
1301
1200
1128
968
973
379
379
403
736
414
413
417
371
377
402
526
1381
1405
1381
1394
1405
1394
1396
1461
1461
342
340
496
336
474
486
1147
1356
1355
1355
1148
1147
1150
1146
1190
1424
1195
1195
1260
1259
1370
1369
1259
1261
1261
1424
1260
1368
316
330
318
293
1179
1353
851
980
975
981
988
996
1116
993
982
1116
988
987
977
997
859
1124
845
848
842
831
842
846
858
846
854
856
1190
291
783
635
1
526
679
672
1263
1425
1177
731
718
721
708
404
386
382
390
409
416
389
407
396
376
715
710
708
726
707
1221
1241
1354
650
1425
1249
1249
1252
1252
1247
1332
1425
1419
1257
785
1111
616
1255
947
948
722
293
303
770
1419
1184
1184
826
1453
1453
1265
1057
1209
504
1214
780
1214
1210
1214
1211
1208
1178
1283
642
789
1456
1463
1450
802
809
803
796
800
1007
1142
954
950
605
1063
1055
1057
1062
1055
1257
824
1294
1237
1422
618
613
607
609
612
1218
1342
1178
1299
56
1178
1257
847
1408
1196
1196
1195
1456
1368
1177
1216
1112
1112
1217
1172
982
977
1115
1115
975
981
993
414
398
398
783
299
787
295
301
763
299
1228
290
1409
506
506
295
759
1409
1124
1123
1123
1122
1370
825
824
825
828
825
827
849
298
1292
1291
757
944
471
478
587
485
479
490
496
472
490
499
122
1150
128
1145
1147
1146
1146
183
1427
1427
1426
1426
1456
1455
1426
1426
1187
1223
1222
1222
1222
1223
675
681
675
676
678
672
678
1096
1102
1100
1094
1104
1457
1457
1457
1457
1201
1199
1197
1197
1199
1322
1253
1331
1425
1249
601
1466
1451
1319
1416
1416
187
961
956
950
963
1315
1313
1080
1134
1130
1138
1138
1140
1128
1132
1132
1135
1225
1140
1132
1140
1133
1151
1156
1153
1153
1153
1155
1012
1333
1333
1253
1130
1225
1135
1223
1325
1330
1330
1328
1229
1231
1328
1225
1134
1156
1156
1224
1226
1226
1141
1140
1132
1140
1142
1330
1329
1330
1330
1134
1132
1153
1226
1225
1287
1287
1287
1132
1255
1359
1180
1444
1443
1445
1453
1180
1445
1168
1469
1241
1101
1446
1187
1200
375
1260
1477
1200
495
170
1449
737
747
1471
1081
1433
335
1344
1236
648
664
1054
1468
1445
1422
1017
123
1471
13
244
1187
1185
1239
1167
672
1105
1321
715
1414
1035
1264
1446
1355
28
737
272
1144
656
1171
278
1473
1325
1054
1406
14
1207
32
1181
278
1189
1187
1453
11
1301
1292
1315
1185
1275
1343
1445
1308
1473
309
1211
1200
1480
1469
1477
1198
569
1337
1406
1133
1379
1236
1143
1143
1377
1451
912
1432
936
489
487
706
1378
104
690
357
358
106
1473
169
94
89
111
658
662
662
1176
1176
1176
1172
949
1404
1404
1389
1404
1386
1395
1404
1405
1393
1405
1325
1295
1096
1104
1109
1100
1297
391
314
875
877
873
1414
1414
304
325
298
1475
1475
1357
1358
1245
1459
1466
1436
1057
623
610
619
617
620
18
61
13
22
1
26
2
42
1457
46
64
73
1094
920
918
1110
940
922
918
1455
1454
1211
926
1436
1443
1435
1436
1435
1367
1125
1185
1465
1464
1228
1186
1190
1189
1340
951
1170
1373
1374
1317
1414
1415
686
673
225
543
1263
1324
1176
603
355
367
460
1323
583
555
1243
1045
79
113
90
132
97
148
1228
967
473
460
436
1338
1366
1267
1228
1355
435
485
1321
1411
1302
1301
1302
689
1020
880
684
690
688
684
692
694
231
226
224
1222
1222
578
1405
1401
1399
1397
924
922
1100
1414
1459
1353
725
405
395
408
713
728
712
711
1467
1177
1177
1177
21
14
1463
1021
1047
1049
1019
1432
1027
1432
1049
1407
1125
1126
1125
266
1196
1197
1412
901
1015
1048
1046
1038
1044
1432
1025
1041
1039
559
1177
680
881
1338
84
270
268
1320
228
1226
675
353
356
360
356
181
124
103
868
902
276
1351
1204
1203
1202
1208
1207
1206
1203
1205
1207
1208
1203
1207
1282
1239
1059
1217
1470
1114
1113
1114
1063
630
51
8
1220
72
1166
1166
1166
1166
1166
461
440
429
470
469
429
464
431
433
443
433
452
445
428
1164
231
449
214
436
61
144
187
189
1477
427
444
230
1355
926
1108
1103
922
922
928
941
939
928
1008
1298
1414
923
916
920
920
918
1108
1108
1166
1166
1449
1449
752
754
1196
1195
1321
1261
1261
1261
1261
1259
1321
1195
1409
611
1169
750
914
914
757
755
757
740
750
761
1466
1219
1217
1218
1258
1218
1217
1257
1217
1019
12
1000
1000
890
775
772
230
433
1437
1439
1442
1439
1439
1438
1437
1435
1437
1438
1443
1319
1436
216
206
445
468
442
459
451
453
441
1010
1005
1011
1360
1297
1297
733
1220
1295
1078
543
542
556
573
1317
260
256
261
193
945
1269
1420
1200
1445
1445
1270
1338
1334
1269
1269
1273
1338
1269
1422
1336
1334
1334
1199
1334
1334
1334
1111
1092
1104
1102
1287
435
1164
1012
1360
1354
267
822
948
1237
943
943
945
1455
240
263
217
223
217
236
257
246
262
268
280
266
192
195
197
234
1340
269
203
208
226
281
275
246
1144
1142
1450
1362
1362
955
1144
1449
1362
1362
1418
1418
701
123
682
674
1243
1228
1206
1206
423
423
1166
431
460
251
425
466
196
443
439
1244
223
450
625
631
1219
1219
1353
1106
1445
1317
1255
1415
1255
886
901
886
900
885
889
890
890
900
889
764
773
771
892
888
896
177
863
679
31
736
738
396
518
508
903
384
1021
1045
1028
1176
576
1042
447
1226
1024
1053
1045
677
1226
1451
448
546
1091
1405
1446
178
882
883
131
865
944
284
1237
1236
1475
77
509
1380
1157
1158
1156
732
732
369
1220
905
253
117
93
79
1147
127
126
132
163
80
902
901
97
137
151
882
874
268
276
206
155
106
159
79
160
161
688
876
688
863
773
1006
671
645
639
669
646
655
653
664
661
657
654
656
669
646
663
661
1459
581
1466
1058
1058
1059
1480
770
899
891
888
888
892
1311
818
153
1425
456
443
131
113
865
252
446
1094
1094
1096
1107
1205
1203
1205
1203
1206
1207
1204
1445
1358
1150
1360
699
694
696
696
701
487
1359
1145
1145
1467
1449
1128
1128
1128
1128
974
1235
1215
1210
1216
1352
1351
1351
1235
1235
1209
1210
1216
1210
1351
1211
1358
1357
1235
1348
1235
1463
1210
1233
516
509
515
1476
1476
1376
574
535
537
521
557
586
574
1089
583
1089
1090
1124
224
205
1410
602
180
348
351
351
353
586
1158
317
331
1323
1323
1340
1172
1180
1179
854
1123
1123
844
840
848
588
603
594
343
352
586
592
707
1357
1438
1436
684
1038
1015
544
564
1318
142
109
242
260
1329
1329
1133
1138
1133
1329
1329
1004
1329
1131
1233
1233
1152
1230
1230
1230
1233
1231
1230
1233
1233
1133
1224
1133
1139
1128
1293
1291
1295
1411
1309
1410
1410
1411
538
1312
1361
1361
525
529
523
537
525
105
1264
1028
533
349
365
603
603
601
489
579
1323
540
1374
1372
1465
502
111
1449
1449
1032
1017
1188
1186
1189
1188
1080
562
580
1310
1037
1317
1014
1016
1042
1032
1452
1477
1409
426
250
1103
1111
1110
1104
1106
1106
1096
1106
731
730
383
1344
1344
1342
1342
35
21
10
48
1220
31
2
68
1348
1346
1348
1346
1346
1345
1344
1345
1425
1231
1231
1156
510
508
517
510
921
934
923
934
927
942
932
932
681
951
797
797
792
803
810
797
806
803
799
808
801
817
800
1143
953
808
810
805
959
1362
1362
1355
1244
1243
1239
1063
72
43
329
329
1108
1096
1100
1094
1096
1109
1100
1096
1108
388
410
373
374
372
542
533
132
86
111
183
519
545
535
535
529
673
281
251
1406
575
1243
1239
1243
1295
1455
1431
1431
1267
1259
1257
1433
634
788
1263
1321
948
527
300
1122
823
687
906
906
840
836
936
933
941
931
940
1020
571
1263
1416
1467
1422
899
999
897
897
893
769
768
1090
1109
1103
605
593
368
1162
355
584
484
495
497
1216
1354
1081
340
498
493
595
604
603
1162
1162
145
124
1338
189
173
191
100
136
103
698
703
347
593
127
600
112
159
114
11
1291
1291
294
326
1176
1412
1412
911
910
409
1412
1352
1351
1349
1352
1351
1468
1454
1353
1435
614
611
22
55
34
14
74
5
28
66
71
1150
1053
76
607
620
634
635
612
629
46
49
62
53
63
44
1219
39
15
38
25
65
41
46
1
613
47
1444
558
1082
548
1315
568
558
1411
564
562
1070
729
728
722
711
727
725
415
394
413
370
421
381
402
1221
374
370
381
373
1206
1036
1432
1043
1428
1126
1126
192
1090
1018
1073
1086
554
591
490
178
180
1144
566
1428
85
120
541
1083
1428
1431
1429
1428
1434
1434
1433
542
1227
1071
598
1431
1053
215
1014
1428
1434
359
152
1187
1002
998
1003
1002
1003
1000
1462
649
671
1443
648
653
637
654
640
646
1295
296
331
1160
294
322
314
1235
1358
1235
1340
912
915
741
751
751
753
741
747
735
725
1216
1157
292
292
1413
1165
1167
850
1119
1162
1164
1164
191
1340
142
166
160
167
105
183
147
118
1294
1293
1293
1470
1293
1293
980
982
977
979
990
977
1115
1117
51
1220
1125
433
454
263
263
72
115
174
1245
1241
1353
1354
1126
456
445
445
435
432
249
252
193
243
264
224
245
472
365
592
350
584
93
1473
1473
126
1054
875
1245
855
1416
1283
1416
1282
1284
1407
1182
1180
1170
1170
1448
1198
1267
1268
1273
1447
1267
1427
320
322
1475
1288
1165
1163
1451
781
1480
960
949
1211
1451
1202
1272
1197
1199
1200
1268
1128
970
395
734
711
410
410
422
371
1221
1105
530
530
1133
1242
1380
1380
1385
1394
1382
1404
1405
1404
1392
1381
1461
1461
176
492
1146
1147
1146
1355
1355
1424
1459
1368
1368
1370
1261
1368
1190
1190
1456
1261
1424
1424
1424
1424
1424
1424
316
295
306
305
307
1353
854
854
986
986
997
847
1124
1122
847
839
845
853
839
860
848
837
849
846
854
949
1189
1185
1186
1185
297
1176
41
184
603
198
509
316
712
715
726
385
382
420
387
382
719
718
1221
1357
1415
1247
1417
1247
1249
1247
1249
1250
1247
1332
1332
1332
1249
1249
1418
1420
1237
1409
508
504
1287
1286
948
786
913
891
898
1172
646
1185
1184
1453
960
1209
1257
944
1208
506
289
312
1160
1214
1214
1214
632
636
1416
642
640
661
1450
1248
1412
1332
1425
958
1332
1332
821
821
807
811
793
791
1011
1448
1361
1144
1144
1144
1142
952
954
1413
1266
1265
1452
1057
1055
856
851
824
1293
1237
1237
626
611
630
632
622
1218
1217
1208
851
1362
40
23
1219
1409
659
1112
1112
1196
1196
1321
1115
1115
1115
1115
1115
983
1218
728
412
398
414
414
1221
1221
287
787
504
1121
1178
1408
402
508
1467
311
1259
749
638
1172
1123
1368
1342
1368
1363
830
824
823
826
830
826
827
825
1453
844
789
320
786
786
300
786
1292
1339
1340
480
483
496
498
485
479
483
472
491
500
481
87
143
101
101
1150
1150
120
159
1149
1153
1222
1222
1222
675
679
683
683
1108
1457
1469
1458
1458
1201
1198
1271
1200
1202
1197
1336
1197
1447
1323
1465
1424
1247
1249
1247
587
105
537
1412
1464
1412
1459
1416
1416
1428
1377
951
962
957
570
563
439
1130
1132
1135
1135
1130
1138
1225
1140
1135
1130
1134
1151
1151
1151
1299
1361
1361
1299
1248
1135
1128
1134
1223
1140
1132
1138
1229
1229
1229
1230
1229
1328
1329
1328
1330
1330
1328
1330
1329
1233
1229
1142
1130
1140
1225
1140
1132
1224
1134
1132
1131
1225
1140
1135
1138
1140
1138
1330
1134
1225
1134
1328
1129
1183
1453
1465
1354
1477
1179
656
1413
315
1469
1123
315
1359
499
906
1290
1227
1202
1211
933
1406
1467
1144
352
484
737
272
16
1187
319
710
744
325
240
254
606
47
18
1064
737
281
739
859
1204
1357
162
12
1091
1475
1411
1193
498
1149
32
319
1467
1200
488
1453
434
153
1101
180
342
280
1149
188
1321
270
1187
1303
4
1406
278
1227
1277
125
1334
1161
841
1453
1204
1467
309
1202
448
1095
1413
1159
956
1377
1363
1159
1463
1030
942
1373
502
1354
1168
359
355
365
88
88
119
91
90
146
167
110
80
660
1297
1009
1011
1383
1394
1395
1397
1386
1405
1379
1405
1397
1397
1390
790
790
815
1144
1144
1104
1295
1104
1465
382
291
297
310
316
1435
1436
1437
877
881
877
869
873
867
875
1078
1414
1414
1414
1415
1414
1324
1414
1414
1414
1323
300
1475
298
314
1358
1469
614
629
615
624
28
39
32
1216
36
31
25
48
1455
918
1209
1209
1429
1438
1434
1227
122
113
94
178
85
1163
1340
1435
1186
1188
575
1355
1065
1190
568
1338
557
1126
553
1319
1168
677
1170
1262
1045
555
704
695
491
1253
1323
1239
1246
1432
1427
966
179
190
148
106
124
106
124
97
76
152
102
550
1148
1150
1363
538
1420
1168
1227
1227
1372
1354
427
455
477
967
1269
1267
1182
694
864
883
692
684
882
862
233
235
1356
1356
265
219
1226
1447
205
532
1395
1404
1400
1385
1384
1093
1093
925
924
1093
929
1466
1450
1354
385
402
393
738
383
403
387
736
713
734
712
736
726
709
716
1342
1177
567
567
557
1178
49
1049
1053
1044
1319
1045
1085
1432
1026
1407
1407
1459
266
250
229
237
430
1196
1447
1197
902
1032
1016
1092
1034
1075
1021
1045
1053
1038
1045
558
1443
1315
1319
949
1167
462
78
185
85
1340
238
246
241
222
259
245
1226
364
603
353
603
368
190
185
181
104
80
150
174
866
1207
1205
1208
1204
1207
1207
1202
1471
1203
1204
1205
1208
1202
1202
1216
1218
1113
1114
44
625
66
27
36
70
1457
606
1166
1168
1168
1168
1125
458
449
252
443
201
457
441
450
459
1125
430
262
470
240
469
10
63
425
1125
444
448
232
527
1411
1447
1094
1105
922
1094
940
937
930
937
935
928
922
928
1414
1469
1102
918
916
1108
916
1449
379
380
744
1471
744
742
749
762
760
1471
1471
1321
1261
1195
1195
1195
1409
1261
1409
1409
609
1216
748
756
748
755
753
1344
1219
609
1218
1218
1433
1001
1001
885
769
1319
225
1126
433
1407
1435
1437
1438
1439
1319
1317
1406
1438
1438
192
262
455
1470
1360
1005
716
378
372
735
1094
1461
1072
1074
1076
578
554
283
1307
1280
971
1199
1444
1422
1444
1444
1420
1372
1278
1338
1269
1272
1278
1277
1276
1279
1269
1275
970
1269
1336
1201
1336
1336
1199
1427
965
1100
1100
1320
1297
1013
1297
1360
1238
265
201
249
267
279
213
216
203
277
258
228
279
232
211
456
1127
425
208
250
424
812
1361
1361
1142
955
955
1144
820
1417
1418
1418
1418
502
497
502
596
495
118
904
904
676
682
904
682
1459
1077
1228
1206
1204
1462
1126
463
1321
244
441
1243
1241
450
217
1106
1445
1413
1413
893
886
775
887
888
889
890
883
894
893
894
886
894
768
772
200
697
683
243
33
510
505
395
510
1092
924
1052
1045
457
445
442
1041
1162
1287
1226
467
289
301
964
546
1408
160
299
1010
1461
1404
1396
1404
1384
1168
1172
717
407
410
730
385
686
691
693
687
261
278
137
189
141
97
146
93
114
110
125
466
685
141
909
911
864
207
230
264
275
257
453
1126
159
153
443
872
872
770
667
643
671
663
670
638
645
666
668
663
652
1245
1245
623
1056
1058
1058
1056
1257
1256
895
900
895
895
887
891
765
1311
187
163
1185
535
213
165
182
186
150
150
188
140
903
568
198
309
509
370
784
1205
1205
1205
1207
1204
1445
1445
1176
1176
1253
1429
1358
1358
1358
1360
1296
699
480
1147
1148
1150
1360
1360
1469
1374
1128
1128
1128
1128
1128
973
1358
1349
1358
1463
1209
1215
1216
1210
1209
1209
1210
1352
1350
1350
1351
1210
1358
1431
659
1230
1433
1460
782
504
512
507
778
780
1477
1253
1253
1378
1378
959
961
1451
1451
1092
1263
545
572
535
163
1072
561
535
535
1186
1265
1264
1092
1265
1188
1407
1325
553
1124
214
881
873
353
363
592
584
878
1481
885
1466
291
1112
331
321
1323
1182
1182
1170
842
844
839
495
360
350
349
599
591
599
593
338
596
706
492
491
704
474
471
487
706
705
1339
1339
202
1356
1356
274
1039
544
1080
600
703
1145
265
193
215
1224
1224
1139
1224
1129
1330
1224
1225
1138
1230
1233
1233
1132
1224
1135
1133
1133
1293
1293
1411
1308
1113
1299
1299
536
534
522
1037
1030
1039
139
155
534
537
565
577
1027
489
1325
526
1078
523
698
970
85
1359
1449
1325
1040
1033
537
1406
1186
1185
1190
1189
1189
1188
1092
1050
1052
1027
1025
553
559
1018
1087
1073
565
1160
1408
1127
428
213
258
222
1103
1103
1110
1094
1102
1104
1110
1106
1102
1295
709
709
729
732
391
23
1348
1346
1062
1346
1342
1346
1342
1344
1348
1342
45
64
37
4
2
1346
1344
1343
1348
1217
1344
54
39
47
40
1404
1425
1197
1231
1156
1152
503
515
506
507
920
932
919
933
510
687
689
797
813
811
810
800
793
791
801
815
806
810
820
951
950
955
959
817
791
792
817
792
815
776
1187
1185
1239
1245
1239
1239
1239
635
1338
1340
304
1443
1438
1435
1340
1105
390
416
392
420
368
533
535
1263
1265
161
86
99
1433
519
530
520
529
519
271
1407
1028
566
554
570
1316
571
868
1082
1241
1247
1295
145
1431
1431
1267
1420
1421
1420
1267
1267
1267
1421
1420
1258
1259
1055
798
591
1196
1409
1323
1216
1433
86
952
508
510
1259
1199
866
849
1172
931
935
943
1110
1429
1029
1080
1015
1026
1416
1231
1334
1422
1004
885
767
771
776
1107
1103
483
339
702
346
348
481
595
491
706
1217
1353
1315
585
338
1162
333
176
117
120
697
695
340
604
90
136
157
112
1055
1057
30
4
6
1160
1196
1457
1291
1291
330
330
784
1286
901
1408
386
328
315
1452
1357
1351
1350
1350
1351
1350
1350
1352
1351
1348
1349
1468
1454
491
1353
1354
1354
1438
618
616
610
16
18
52
605
629
633
1055
622
622
606
605
605
630
617
605
608
624
610
624
28
52
52
32
44
8
69
36
33
1220
73
3
12
46
10
61
61
75
75
27
3
1148
1227
1227
1092
1090
1087
1092
1317
1307
1317
547
580
549
559
1049
1086
727
723
721
734
708
713
396
376
733
401
375
373
422
405
395
1221
374
380
369
1205
1066
1024
1414
1428
1429
83
177
1042
1413
1415
565
1430
1431
1434
1431
1427
1431
1430
1428
1430
1092
1428
1067
549
1411
558
1065
1430
1430
864
433
1072
1461
259
195
1014
1042
1050
1428
1430
1434
1428
1427
1082
1036
1066
83
334
1001
671
654
639
639
637
641
660
647
649
667
648
645
1443
1297
330
1158
327
1160
302
1211
1235
1211
1437
746
912
741
743
741
751
913
735
379
727
388
288
1158
1158
318
304
1413
1413
1413
308
1156
1287
1164
1164
1164
1163
168
168
145
173
1293
1293
1292
994
1300
992
990
990
1115
1118
994
1116
1451
1125
431
275
194
135
1241
1353
1245
1127
1126
449
451
465
445
205
223
1363
597
336
140
138
357
605
347
605
482
482
1473
122
148
91
1473
1473
1473
1220
1243
854
1123
1124
1124
836
854
1416
1281
1416
1283
1281
1285
1416
1357
1407
1184
1182
1182
1453
1170
1170
1448
1182
1184
1184
1170
1303
1447
1276
1302
1304
1300
1448
1197
615
306
788
787
784
1158
1469
1164
1226
884
958
1451
1211
1447
1280
1335
1200
1303
1422
1306
1197
1200
1202
1334
1202
1372
974
974
967
966
421
405
406
417
1222
1221
397
398
15
1242
1393
1390
1405
1382
1396
1392
1387
1380
1461
1461
1470
1461
500
1147
1191
1191
1196
1195
1195
1424
1368
1409
1370
1369
308
305
782
1178
1179
1363
1363
986
1120
976
997
993
990
975
994
982
992
988
988
978
975
980
1123
1122
1122
1123
857
843
859
861
861
858
850
837
837
853
835
1188
1189
1190
1185
1188
1188
1186
288
63
182
168
700
603
719
716
729
417
373
403
411
734
719
723
718
1221
1221
1370
1354
1353
1178
1417
1247
1417
1425
1249
1247
1425
1417
1417
1417
1247
1249
1332
1247
1252
1249
1420
1420
1259
1409
1196
1457
1457
504
1112
898
914
913
884
293
1176
765
1172
829
1184
1453
1454
959
55
1214
1209
1214
1179
835
860
862
862
1179
1416
782
1217
653
638
642
1248
1463
1417
1332
819
804
812
1142
1142
1142
1265
1063
1055
1257
1257
1220
1220
67
31
1177
1237
1237
633
624
616
623
621
1217
1177
1299
294
1210
1420
1259
854
854
854
1217
1291
915
1423
1451
760
1112
1112
1218
1321
1446
1112
989
1299
1300
1115
1115
981
979
827
728
722
1221
783
785
789
327
515
778
287
288
1179
763
506
504
508
517
911
289
317
1178
1122
1370
1370
1409
830
823
828
1453
911
831
1179
1113
1294
760
759
489
471
585
478
500
499
487
481
489
473
500
483
494
488
486
483
487
485
481
1149
146
78
151
1427
1426
1426
1427
1455
1427
1426
1342
1222
1222
1222
1222
693
676
678
1092
1096
1096
1102
1201
1334
1197
1198
1306
1200
1481
1323
1424
1331
1332
1228
103
1228
1263
1412
1375
1459
1417
1417
1417
1417
1470
184
592
956
1410
1311
1411
1411
567
434
12
1138
1135
1135
1225
1130
1130
1134
1132
1140
1138
1130
1132
1132
1225
1134
1155
1151
1004
1013
1005
1297
1153
1141
1135
1132
1130
1131
1229
1234
1329
1328
1328
1328
1328
1224
1229
1229
1328
1330
1135
1138
1134
1132
1253
1223
1134
1140
1328
1130
1225
1253
1255
1152
1154
1153
1154
1154
1287
1287
1130
1138
1138
1453
1444
1444
446
1243
411
1343
1335
1179
328
1187
1111
1430
442
1200
1410
843
1467
15
548
733
1467
1423
1189
831
1359
1097
1296
1219
1446
129
1031
1027
1015
1448
188
1314
144
931
619
164
1227
1473
1181
450
587
271
1468
1185
1259
1189
1151
511
1189
282
166
1044
581
430
38
855
1415
1344
1107
333
456
152
1477
705
1127
1185
1193
991
1406
377
991
991
1337
739
336
1185
964
1347
1211
1200
1346
1303
845
540
855
1406
1198
7
963
1467
1133
953
1143
1475
1480
1089
920
1372
1374
489
485
704
1353
1166
1376
1378
99
173
80
130
149
100
868
658
647
660
1172
1176
1173
1176
1172
1297
1007
1011
1009
1006
1405
1388
1384
1380
1405
1396
1405
1391
1386
1467
1398
1325
1456
1100
1100
1104
1106
1104
1110
1296
1470
571
1477
670
668
670
309
401
287
306
875
879
869
1078
1415
1415
1415
1074
554
1415
1241
1459
1469
1053
56
16
1219
23
6
619
1455
1454
1434
1436
1443
81
1163
1338
1340
1435
1363
1189
1465
1465
575
1190
1187
1188
1226
559
1435
1170
1040
568
1184
222
541
83
1170
545
1263
578
599
603
595
597
359
345
349
367
367
1253
170
1241
1425
1323
1025
968
969
175
130
89
141
1228
576
1087
1426
1338
1340
1466
557
1168
1356
1336
447
451
1321
686
1201
1052
1050
689
689
866
883
692
690
259
258
217
429
1336
231
1395
1393
1384
1404
1404
922
1469
1380
1401
392
725
740
779
781
1177
582
1469
33
39
1051
1083
1026
1090
1045
571
1262
1459
426
1320
440
257
1197
1196
1172
1173
1197
1412
1046
1090
1253
1253
561
556
1318
1030
1045
1051
1075
583
573
1307
1436
1311
102
100
98
176
173
1338
181
198
269
239
237
245
264
243
604
603
1161
1162
341
364
601
339
332
332
366
90
154
152
866
910
1208
1207
1203
1206
1203
1208
1203
1207
1204
1202
1207
1208
1239
1242
1342
1218
614
631
36
37
41
51
1219
1166
1168
1168
1165
1166
431
259
241
431
449
460
433
470
431
201
461
459
262
194
433
463
197
263
226
447
444
453
53
522
123
234
202
1410
1353
1353
917
1451
939
937
937
941
936
926
925
918
1110
1102
1471
740
751
746
749
757
1261
1261
1193
1410
1321
1321
1409
1410
913
759
750
746
761
613
1219
1218
1257
1227
1434
1003
775
221
221
435
236
219
1405
1442
1437
1439
1435
1436
1439
1436
1439
1437
1318
1436
1439
251
423
436
195
218
1297
1013
1299
1361
1297
375
378
1220
1451
1086
532
1108
1315
449
463
1451
1336
1336
965
968
964
972
1202
1422
1422
1269
1279
1269
1279
1272
1269
1267
1200
1199
1201
1199
1334
1337
1336
1336
1274
1276
1422
1322
1108
1104
1102
1436
1438
1438
1164
1010
1012
1004
1007
1360
1299
1361
1371
267
947
945
268
200
228
225
251
249
269
227
232
254
211
199
203
281
273
203
211
273
222
234
273
1461
1127
422
192
274
271
275
270
1333
1362
1361
815
818
1144
953
818
1418
1418
335
701
1353
1245
1459
1029
1079
1041
1228
1228
1229
1203
1429
1206
1206
1204
1125
208
254
207
1243
1355
1354
432
426
225
428
633
1106
1445
1415
1255
1255
899
767
772
887
896
896
158
691
1340
69
910
397
388
1221
518
508
502
412
408
516
1166
1019
1074
1051
576
1126
462
452
243
1226
1037
1162
1162
1077
560
1071
546
1405
1407
1408
158
872
118
299
104
114
1169
1170
1169
1170
1171
1158
1158
404
730
714
716
276
137
119
191
87
120
102
179
86
151
902
452
464
685
673
91
907
878
876
864
277
250
215
229
429
138
681
868
693
1432
773
777
774
768
1298
651
647
655
669
649
651
669
643
644
639
644
641
647
1239
606
1467
1056
889
887
892
892
778
776
765
778
1313
1307
1311
1313
1190
1187
1185
542
1071
169
166
127
149
143
685
1407
1096
1108
374
393
409
503
1207
1207
1205
1206
1461
1253
1411
1360
485
696
489
489
1359
1145
1145
1462
1467
1469
1359
1449
1359
1127
966
1432
1215
1210
1210
1349
1235
1431
1215
1215
1209
1215
1209
1211
1352
1351
1463
1210
1210
1235
1466
1233
1433
1433
503
1477
1477
1477
1477
1477
1477
1378
957
961
1451
535
1048
537
537
535
1263
535
1090
345
605
165
562
582
550
1066
523
537
582
525
957
958
1265
1084
1090
1086
769
1124
194
867
867
867
109
349
116
135
135
880
1450
1158
1160
308
310
300
325
1323
1438
1183
1182
1182
1180
835
1122
1124
1122
848
831
860
354
603
596
344
346
603
603
700
487
1162
334
350
354
338
588
702
1111
1356
1356
1367
1356
1127
101
703
138
169
274
256
1329
1329
1129
1139
130
1156
1135
1231
1230
1230
1230
1230
1231
1135
1224
1128
1133
1293
1412
1411
1412
1411
1411
1410
1316
1113
1325
1325
1459
540
524
1036
1432
537
1040
1177
1176
358
1069
1069
1308
1358
1325
1325
523
1359
1465
695
700
700
92
158
1314
1025
1050
1186
1186
1190
1188
1188
1085
1187
556
1033
1312
1079
553
1038
1018
1016
1432
1077
1076
1090
1408
1408
1125
1124
1127
242
1095
1102
1094
1096
1106
1096
1106
1102
1100
1096
731
732
391
1346
1342
1344
1344
1346
1348
1342
1343
1346
1346
1342
1344
26
22
7
1346
1217
56
1344
1239
1233
1232
1231
1231
1156
934
927
930
923
930
932
905
686
910
876
816
814
809
791
790
799
796
796
807
793
808
814
812
962
1362
802
807
821
803
808
798
799
820
816
1190
279
1239
1355
1243
60
56
328
785
1434
1108
1467
1456
418
403
370
389
1221
1221
413
535
537
156
142
162
115
1425
521
524
538
537
528
280
282
1071
531
531
1245
1241
1246
1245
1241
191
1295
1295
1295
462
1431
1431
1336
1420
1379
1375
1298
1298
1445
1259
1259
1258
1259
1257
1433
636
1265
126
1237
1253
1234
1112
1363
158
412
288
303
968
293
1214
1287
754
828
258
938
938
927
927
919
936
1090
1263
1432
1463
998
768
772
1001
1319
1105
1109
1107
339
333
1162
477
355
701
484
1216
352
598
603
604
473
1475
345
1162
599
145
156
165
88
142
82
178
77
357
598
335
154
337
1057
13
1291
1291
1291
1291
1291
1291
318
302
1195
1410
1286
1412
673
780
292
1160
326
302
1348
1350
1348
1208
1352
1351
1351
1351
1350
1352
1320
1167
487
1372
1437
1439
631
615
29
9
43
26
43
59
40
605
1354
1059
626
605
618
620
605
67
1219
51
45
72
41
14
5
49
33
35
29
24
65
34
38
69
9
629
1074
1065
549
579
1311
1313
580
562
1317
1043
718
713
717
707
710
389
413
369
419
411
419
405
417
1034
166
1126
1430
1429
1432
107
118
1045
1065
1089
598
1430
1430
566
107
564
1434
1429
1431
1430
1428
1434
1051
532
574
424
572
1430
1430
1429
1075
1067
256
204
443
1070
440
1431
1434
1075
1002
1003
999
1002
1461
664
650
668
1443
642
666
668
1295
1295
1295
1295
1113
321
290
320
314
1210
1215
1429
1350
1215
1215
1235
1357
1340
916
915
745
756
743
743
744
754
755
758
758
762
758
371
388
421
1158
1160
325
1160
321
290
1413
1158
1124
1119
857
998
1455
1164
181
107
180
77
126
190
121
1474
1293
1293
1470
854
1115
995
994
1118
1117
1126
226
454
229
194
1436
1442
174
1241
1245
469
447
455
237
1124
464
255
239
255
235
239
1363
252
208
237
588
169
155
162
363
360
347
347
177
108
84
1474
1474
1474
1474
1474
108
1474
3
22
59
7
59
47
854
1123
1123
1120
1124
840
834
850
1284
1285
1184
1180
1170
1179
1180
1448
1182
1182
1168
1269
1447
1302
1305
1304
1463
1305
1290
1290
1164
1164
1319
1226
784
1209
1215
1336
1201
1199
1198
1198
1304
1267
1201
1334
1334
1199
1201
1374
971
421
372
420
394
390
422
27
1247
1247
483
1363
