7391
1415
1179
1358
1360
1359
1362
1359
1355
1360
1357
1475
1354
762
449
1172
1164
1166
502
474
537
1325
1322
1329
1328
1322
1330
1333
1329
1332
1325
1322
1324
1217
1206
1201
1207
1172
1184
1135
1185
1185
1184
1185
1187
1181
1182
1155
1134
1146
1147
1152
1135
1135
1144
1134
1140
1145
1140
1140
1144
1148
1154
1135
1352
1348
1352
1354
1350
1214
1209
105
62
477
434
841
879
861
1198
1220
802
1230
1224
1296
1225
1224
1231
1230
1231
1231
1231
1223
1221
1224
1221
1226
1222
1226
1226
1226
1245
1246
1170
1430
1424
1449
1438
1436
1453
1436
1438
1438
1447
1426
1430
1451
1337
1338
1340
1160
1158
1310
1321
1206
1328
1329
1257
1342
1336
1336
1338
1338
1261
1336
1291
1338
1338
1340
1338
1473
1473
1299
28
72
1257
1102
1126
1096
1106
1110
1214
1102
1319
1160
30
1308
1269
1301
1366
1366
1450
1449
1415
1453
1453
1410
1410
1412
1410
1412
1414
1406
1412
1408
1410
1412
1457
1455
1457
1140
1317
1097
74
18
100
72
1342
1158
1133
1409
2
128
13
74
100
111
66
1158
1202
1340
1340
69
1317
1206
1184
1184
1186
1180
1184
1224
1222
1224
1208
1201
1210
1214
1214
1202
1253
1374
1216
1216
1317
1257
1265
1216
1198
1216
1265
1267
1146
1150
89
114
1332
1334
1336
1144
1146
1144
1156
1340
1202
1266
674
655
680
678
667
659
659
696
696
699
696
715
354
358
430
397
436
350
483
1450
1446
1481
1362
1363
1362
1362
1363
1363
1363
1363
1362
1362
1362
1363
196
241
245
813
789
791
1155
1471
1015
989
997
1029
987
1006
1042
1065
1062
1015
1065
1040
1360
1360
1357
1357
885
927
928
932
957
932
977
922
1166
1162
1170
1471
1437
1450
1473
406
214
1465
1467
1460
1415
1437
1420
351
314
1457
1454
531
585
524
865
1054
1033
290
1439
1420
1452
1418
1445
1430
1445
1420
1467
1468
1453
1445
1443
1422
1444
1429
1432
1422
1434
1420
1420
1436
1420
1449
1422
1424
1453
1443
1445
1426
1439
1439
1447
1426
1415
1426
1436
1443
1428
1451
1436
1415
1448
1424
1436
1428
1430
1416
1439
1437
1430
1432
1426
979
981
947
983
1189
945
1237
440
1205
1205
1215
1346
867
1129
1258
1196
671
677
957
89
140
1476
434
306
1131
1333
1221
877
584
829
1244
1131
949
1476
1476
1477
1205
657
764
1135
1147
852
953
1127
1294
645
1135
951
139
1143
1215
854
487
1196
957
1353
1170
315
131
1020
1477
454
755
333
1183
593
863
455
913
1147
925
1187
586
1181
1264
597
917
905
139
456
907
1244
1248
907
275
913
1156
1404
961
1201
919
598
1270
1252
1183
297
1201
321
1101
1415
1363
1314
1057
1014
1057
1188
1470
384
412
388
481
386
409
405
354
388
1268
1287
1293
1295
1291
1464
1359
1361
1361
1355
1361
1358
1471
1459
1456
1406
1406
1406
1406
987
1000
995
1019
1044
1013
1306
1211
439
801
808
812
803
600
605
516
508
606
1179
1342
1342
1206
1203
1104
1126
483
162
59
107
109
129
49
46
85
44
127
59
91
99
100
139
82
48
1006
1067
1100
1481
1010
294
485
452
378
490
455
489
378
618
858
1352
1354
250
1082
424
215
1470
498
535
537
460
568
850
560
722
241
562
556
1172
525
389
440
389
372
402
391
401
465
820
527
542
697
414
402
502
187
840
1134
177
674
700
882
889
959
605
816
797
773
799
790
796
224
174
174
386
366
493
244
202
224
190
595
1355
1042
1038
1049
1047
1046
1004
1164
1358
1237
1241
1243
1243
1247
1247
1218
1241
1208
1158
1158
1156
73
540
550
563
546
561
505
872
861
756
635
612
265
1321
1319
632
524
512
621
646
636
586
506
508
498
483
450
549
553
813
357
344
321
315
184
761
716
714
725
727
752
712
760
747
742
737
710
722
732
494
491
363
402
435
464
774
774
335
1096
1110
1101
1106
1097
1132
1108
1126
1132
1122
1168
1178
1172
112
109
54
78
110
1344
1344
1344
1341
149
49
38
51
51
149
71
1090
1092
1090
236
329
237
186
251
257
194
221
268
288
202
226
226
169
316
308
318
111
259
854
379
315
255
581
1164
1398
1051
1057
1003
1071
991
1053
1059
1481
583
1019
999
995
995
1034
987
1036
1036
1054
1021
218
1088
1262
1254
1263
1257
1255
1249
1454
1328
1325
1323
1329
1330
1323
1329
1265
1261
1262
1255
1259
1267
23
1375
208
167
262
539
450
439
445
462
483
441
485
545
561
487
227
284
246
206
225
201
243
257
214
282
249
245
252
1363
1464
1469
1466
1467
1460
1466
1223
993
633
835
848
839
866
629
527
252
213
281
1222
902
920
882
921
909
910
937
899
927
938
940
916
906
894
886
888
906
901
980
889
939
883
1058
1019
1046
1050
1025
1468
1462
1466
1467
1469
1459
281
1319
1312
300
180
338
169
216
218
178
287
221
214
304
258
227
206
176
181
200
276
303
317
278
1407
1413
1411
1411
1411
1411
1414
1411
1278
1278
1297
1286
1272
1286
1280
757
491
473
814
823
604
1138
1140
1135
1132
1104
1096
1082
298
230
249
321
1162
1168
1166
1168
1179
1176
265
90
33
108
1108
1297
1445
1415
1374
1386
1378
1386
1152
455
428
352
186
179
299
389
456
1239
1230
1249
1265
1265
1241
256
652
562
544
236
239
194
293
585
539
1072
1092
297
1253
325
612
612
614
547
604
626
541
1350
429
483
1465
918
442
395
370
1356
1361
1355
958
942
1247
1220
1220
441
384
412
342
342
482
384
340
346
319
784
780
769
784
288
266
380
416
215
807
782
192
1396
1404
1465
1307
1290
1293
1287
1267
1307
1303
1270
1285
1293
1302
1303
1270
1299
1179
86
90
129
837
835
879
47
97
1162
1400
1372
1398
1388
1377
1375
1370
1404
1378
507
595
605
645
769
452
484
431
431
800
792
998
992
1013
998
1071
1249
1201
1241
1132
1102
1126
1094
1100
1110
1343
1096
1094
1109
1132
1189
1196
676
660
654
658
1191
348
1189
1198
1189
1189
1190
1188
1188
695
886
904
882
325
1104
1094
1100
1100
1113
1104
1115
1108
1130
1127
1113
1122
1100
1128
1110
1418
1224
1225
1230
1245
1253
1260
1266
1257
1258
1253
1477
1477
1477
1158
1473
1470
1472
1455
838
845
847
844
862
828
736
525
872
867
836
828
506
824
824
1354
878
828
845
560
830
219
253
801
809
887
722
709
709
380
417
342
782
792
1202
1209
1344
1200
1211
1214
1208
945
960
983
961
1134
1142
1148
1138
1142
1156
1142
662
688
675
708
711
743
758
723
734
673
689
668
670
654
693
458
492
310
322
480
280
331
592
370
369
445
488
329
1448
1415
1415
1415
1417
1436
1417
1434
1417
1430
1428
1426
1453
1418
1417
1415
1444
1417
1437
1417
1445
1417
1417
1417
1154
525
617
515
584
1466
827
837
843
839
873
491
845
585
537
603
604
763
1190
690
882
884
411
825
600
850
1189
1196
670
676
401
1198
865
574
642
640
637
834
839
866
1345
1348
1345
1345
1352
1354
1345
1346
603
529
585
636
522
564
510
1053
1207
1217
308
276
1062
990
1021
1019
1002
1000
1006
1031
1025
1025
1064
1027
1229
1218
1239
106
17
88
25
54
110
110
94
59
53
15
142
123
82
86
147
63
13
72
878
1449
263
314
1420
1417
1417
1431
1261
1249
1255
1249
1258
1259
1057
778
1409
1414
1414
1412
1409
1409
1415
1408
1413
1411
1414
1457
1408
1408
1459
1456
1453
1405
1414
1413
1406
1412
1407
1407
1413
1411
1178
1176
1178
1176
164
9
4
6
21
163
70
4
14
1211
1094
1044
1056
1031
1280
1243
1222
1241
1245
1228
1221
1219
831
500
848
875
877
868
605
568
622
603
874
603
527
587
1166
1168
1164
1179
1170
1162
1164
478
255
885
914
911
1467
1465
121
53
1317
1412
834
1317
554
1342
899
465
1319
554
1370
1338
1335
1334
1263
1343
1218
1202
1026
1067
1053
1069
1110
1411
1417
928
1102
1104
1458
1370
1370
1394
1018
1016
1020
743
727
764
709
708
689
653
689
673
1164
1178
1481
604
600
596
705
682
670
731
747
759
706
718
764
710
367
496
491
754
710
738
411
491
374
374
762
750
747
382
376
164
148
142
120
1209
1206
1209
1211
1276
1202
1299
1296
1205
1299
1218
1225
1210
1202
1325
1130
1124
1102
1124
1130
1130
1124
1100
1096
1130
1104
1110
1108
1018
1057
683
1172
487
483
7
22
152
16
85
26
30
6
10
8
71
13
137
24
68
69
28
60
114
165
84
143
52
73
160
69
104
60
42
124
75
162
9
553
532
555
559
568
559
530
557
506
1219
1241
1227
1218
1239
1239
1237
1237
542
657
599
1115
1107
550
508
877
622
624
760
636
515
629
597
873
1111
1109
1111
835
856
1107
854
629
221
289
1113
1112
581
1368
1355
1285
1296
1291
1288
1291
1298
1291
1299
1293
1293
1293
1285
1276
1269
1218
1207
1202
1200
1214
164
1122
1094
1126
1127
1124
1250
1253
1265
1249
1236
1231
1220
101
144
1404
1210
1344
1211
1218
1153
1090
1092
1078
1072
1092
447
443
444
364
368
360
442
1144
1180
1182
1185
1187
1186
1186
1180
1184
1180
1185
1187
1187
224
220
279
277
222
222
318
424
442
432
434
1179
1178
4
252
177
260
182
244
201
200
186
194
198
765
756
447
716
744
723
719
390
403
471
454
393
424
47
145
128
80
1153
1134
1138
1142
1297
1301
1295
1267
1269
1269
1282
1304
1210
598
535
950
963
979
974
942
974
945
963
966
925
986
959
949
944
955
956
949
954
964
1214
1207
1074
1094
1316
1112
1122
944
930
918
922
924
916
926
940
962
923
702
918
884
1227
1225
1228
1228
1222
1239
1237
1227
1221
1245
869
1358
1356
1359
1359
1358
1357
1357
1475
1475
745
762
673
760
678
681
435
1172
1164
1176
410
503
500
446
1328
1329
1323
1323
1323
1328
1325
1331
1328
1330
1328
1321
1329
1328
1211
1217
1215
1204
1200
1164
1153
1187
1180
1186
1186
1187
1185
1184
1187
1185
1186
1179
1182
1184
1153
1156
1151
1144
1140
1146
1144
1140
1134
1142
1133
1150
1350
1204
1204
14
118
875
776
791
854
867
584
1226
1229
1231
1243
1241
1247
1239
1228
1227
1222
1224
1231
1224
1223
1225
1229
1234
1231
1229
1247
1170
1164
1304
1438
1449
1451
1451
1442
1436
1432
1432
1337
1158
1206
1342
74
1160
1317
1319
1224
1200
1202
1374
1337
1338
1338
1336
1473
1473
1457
140
1126
1261
1124
1208
1108
1106
1108
1112
1122
1160
1297
1267
1210
1455
1419
1414
1412
1404
1411
1414
1414
1459
1406
1457
1455
4
13
63
146
30
158
1158
1334
1145
1310
1101
6
124
21
114
34
47
12
1160
1182
49
1158
30
1135
1208
1332
1332
1332
1330
1328
1158
1210
1340
1342
65
1297
1187
1180
1182
1180
1188
1184
1186
1222
1220
1222
1216
1200
1210
1200
1202
1374
1200
1138
1216
1216
1263
1259
1204
1257
1218
1142
1150
1148
1156
1332
1334
1334
1336
1334
1336
1334
1143
1206
1145
1144
1259
1319
694
654
713
697
658
667
657
680
667
655
340
358
377
341
484
444
487
443
1363
1363
1362
1363
1363
1362
1363
1363
1350
287
223
243
245
300
811
807
813
821
791
816
783
999
1033
989
997
1050
1357
1356
1359
1356
936
930
970
977
970
1178
1416
1451
1451
1420
709
1460
1471
648
1419
1419
480
1454
1456
1455
1454
547
599
620
1437
1424
1424
1434
1426
1447
1416
1445
1433
1443
1434
1445
1434
1417
1428
1443
1430
1424
1424
1445
1469
1451
1451
1437
1443
1443
1437
1418
1437
1437
1420
1416
1452
1439
1445
1434
1447
1418
1439
1437
1420
1418
1419
1430
1439
1424
1434
1451
1421
1437
1418
1422
1445
1416
1439
1445
1430
1432
1426
1430
1426
1189
983
1189
1188
1190
981
943
1188
956
1198
1164
1052
1118
1348
927
1221
1331
1475
907
661
420
1196
1246
1264
1266
576
879
755
152
1318
1298
1294
137
1477
1127
1125
597
458
1292
125
289
1346
1348
1178
1073
1306
1040
1329
1221
594
602
877
1127
1179
125
1246
270
470
1294
955
291
422
852
87
588
132
1129
113
943
279
1346
1348
961
141
975
1147
625
1346
915
135
1131
574
430
1201
1111
923
1477
1156
1475
961
644
919
621
1444
1471
1320
1407
1409
1471
1471
1254
648
1012
704
686
683
1473
392
804
740
732
386
492
369
408
409
368
1269
1269
1269
1287
1287
1287
1295
1320
1361
1355
1360
1359
1357
1358
1361
1358
1356
1360
858
1068
1066
1021
1041
989
1038
1247
1209
812
801
793
638
608
1210
1203
1202
1215
1205
1097
1100
1170
1480
1473
453
144
152
97
132
23
66
99
64
101
151
85
83
147
160
1404
44
161
61
1058
993
1026
1037
1068
1012
1012
1034
1066
1109
1024
446
503
431
494
481
332
292
1350
1176
1162
1138
1352
1352
1344
339
1456
980
1196
1190
549
606
593
804
806
298
831
864
865
512
767
730
730
211
1170
558
504
1168
536
414
368
415
378
401
344
1138
910
699
219
274
416
213
885
1138
1172
253
698
1094
549
976
982
976
770
536
804
785
788
786
797
772
772
190
242
246
213
211
558
1358
1356
1356
1358
1016
1047
1027
641
1474
1166
1220
1230
1243
1220
1227
1247
1245
1237
1475
1156
1160
1160
31
150
1474
592
566
540
565
601
510
548
557
532
328
176
284
238
1317
1314
820
786
623
532
528
605
622
586
505
608
579
526
1158
787
808
372
382
338
336
1086
242
1088
809
722
705
728
716
426
398
397
773
813
317
1120
1107
1130
1103
1106
1126
1096
1110
1112
1112
1106
1132
1112
1300
1176
126
112
1475
1344
1344
1344
161
46
16
86
73
51
1075
1084
1094
1090
1080
196
282
290
200
215
298
199
318
226
249
177
302
192
264
1080
182
254
167
332
48
472
451
433
1073
284
296
317
1170
1047
1035
1016
1034
1024
1051
1053
1055
991
1467
1467
602
1032
987
1030
1008
1026
1035
1017
1084
1086
1354
1354
1249
1259
1332
1332
1323
1330
1330
1322
1328
1328
1325
1325
1308
27
962
1259
1263
1249
1255
1263
1257
1267
1263
1267
122
104
35
76
91
22
108
26
106
648
146
1383
1404
1382
1386
1372
322
260
426
450
469
443
487
493
489
439
479
477
436
529
492
214
320
256
216
302
206
322
294
263
1467
1464
1459
1462
1466
1466
1225
1225
999
643
850
825
536
537
541
199
173
189
181
1320
902
881
923
1190
1188
926
924
890
896
900
903
936
918
900
932
916
892
936
922
924
918
1011
1048
1058
1039
1094
290
1077
1460
1469
1170
315
1335
1319
1319
1321
1319
1314
1319
289
188
242
265
298
274
225
327
301
281
301
338
288
254
218
332
451
283
185
320
173
337
283
335
1405
1405
1405
1411
1411
1459
1407
1409
1413
1411
1297
1284
684
456
789
823
1166
1140
1100
1112
316
239
1077
185
187
189
239
207
263
232
261
1179
263
304
109
105
102
29
1168
1035
1193
510
1447
1424
1432
1396
1381
1384
1378
1381
1401
1382
1380
1372
1390
1370
1400
1376
1380
1396
1374
430
811
807
94
1219
1219
1220
1253
1261
771
1230
565
538
569
558
537
614
204
1090
603
537
548
776
1086
917
235
620
605
545
1113
439
806
816
468
816
1321
1204
1321
1316
1473
391
1249
1357
1215
1209
1207
1237
1239
1221
1227
772
220
433
413
411
433
503
352
346
354
348
808
798
415
392
373
796
798
287
303
264
364
397
340
374
355
468
780
778
788
778
1371
1468
1274
1267
1269
1276
1293
1293
1297
1304
1305
1293
1292
1290
1300
1291
1305
1299
878
631
1481
53
53
128
1482
1376
1373
1377
1396
1390
1380
615
1413
464
860
337
234
484
418
814
260
311
998
992
994
1014
1108
1122
1124
1110
1106
1128
1103
1114
1100
502
1190
691
695
693
693
677
690
1189
339
339
1191
1190
691
660
658
688
886
1096
1115
1104
1132
1128
1103
1115
1132
1104
1130
1100
1102
1128
1112
1115
1124
1127
1102
1096
1115
1103
1100
1445
1253
1262
1249
1477
1477
1470
558
851
826
880
506
746
537
537
509
630
537
251
255
219
619
747
433
714
720
720
724
737
1203
1203
1211
1162
1172
482
948
950
959
1133
1133
1133
1144
1142
1148
739
727
741
736
743
746
737
689
428
465
428
785
645
634
861
632
572
443
365
273
306
1421
1421
1421
1450
1446
1429
1431
1469
1431
1431
1432
1424
1418
1431
1435
1431
1447
1431
1435
1447
1416
1431
1431
1431
1444
1422
1138
1133
1150
570
597
630
617
561
854
572
1468
1467
834
839
840
846
846
366
854
565
876
724
712
725
727
768
686
576
830
867
1188
1188
1196
655
390
1198
1191
616
618
1354
1352
1346
1352
543
626
564
591
635
521
618
616
639
640
1012
1404
1216
312
280
1048
1056
1054
992
1035
1017
1066
1052
1226
1226
1247
143
163
76
27
92
90
99
42
35
92
131
12
78
112
94
85
105
137
118
87
837
1431
1449
1431
1255
1257
1253
1259
1069
986
1071
1001
1069
1001
988
988
789
1453
1409
1409
1415
1411
1408
1413
1412
1413
1411
1410
1413
1407
1414
1407
1458
1410
1410
1408
1458
1405
1410
1179
1177
1179
1177
144
44
18
1209
1209
1046
1066
1044
1046
1062
1032
1062
1068
1064
1230
1241
1221
1242
1219
860
829
350
395
382
342
849
834
842
847
850
822
338
179
594
587
1166
1178
1164
996
1092
272
228
883
11
126
1342
55
1202
851
1330
1319
838
1206
1144
1334
770
797
797
1156
1142
1049
1047
1045
1028
995
569
534
856
1431
1404
1128
1369
1376
1373
1373
1382
1376
1380
517
1042
1016
746
742
721
725
730
745
675
659
682
93
1170
636
752
669
666
710
752
729
723
711
445
417
468
447
356
396
394
464
413
686
679
721
768
473
762
404
474
413
135
1278
1299
1208
1217
1287
818
818
804
780
1227
820
1110
1116
1103
1108
1130
1030
1063
1170
487
70
23
151
154
143
113
10
87
145
2
29
496
156
34
38
66
154
88
49
92
160
67
161
67
158
46
144
63
130
123
15
161
35
162
126
97
23
1196
603
634
631
531
629
557
541
523
526
559
1226
1226
1220
1219
1219
1226
1239
1243
1227
1223
1240
1243
1228
1245
1219
1219
1239
1227
1102
625
610
530
1127
236
217
410
564
515
644
564
599
767
663
339
449
353
601
1111
396
353
843
521
1129
1122
1129
1113
838
864
827
879
1153
583
757
1109
555
243
624
1115
876
742
493
1346
1394
1381
1383
1392
1378
1386
1361
1291
1302
1303
1270
1287
1293
1292
1295
1293
1001
1208
1207
1216
1218
1209
1217
1094
1132
1108
435
1253
1253
1249
1259
1261
1257
1263
1258
1238
1231
98
1215
1214
1198
1342
1075
1079
1138
1183
1094
1072
1092
394
357
422
431
448
445
408
449
486
443
1145
1152
1142
1151
1140
1140
1187
1187
1180
1180
1188
1180
1185
1185
50
52
293
295
277
330
179
8
433
478
1166
1168
1172
1162
166
270
261
308
173
325
188
205
330
166
207
328
242
668
738
748
738
741
393
467
488
358
147
810
1176
1135
1301
1269
1267
1292
1269
535
966
957
956
972
915
975
881
923
919
948
940
944
1208
1211
1343
1079
1078
1074
1481
1208
1187
1455
1316
1114
922
939
922
986
936
925
901
658
916
1241
1225
1227
1220
1222
1221
1221
1243
1040
868
854
1431
1177
1360
1358
1355
1359
1358
1357
1356
1359
1357
1357
1475
1475
447
683
406
478
500
1178
1177
1329
1328
1330
1321
1325
1330
1325
1323
1324
1328
1328
1323
1323
1329
1323
1329
1321
1211
1200
1217
1203
1205
1166
1152
1154
1186
1184
1184
1149
1144
1134
1153
1151
1151
1139
1151
1138
1148
1146
1134
1142
1133
1318
1346
1348
1352
1348
1214
1287
64
489
744
223
1252
1207
1231
1229
1226
1218
1243
1225
1224
1239
1224
1231
1243
1120
1422
1438
1424
1436
1451
1451
1438
1450
1438
1424
1447
1436
1442
1434
1340
1340
1321
1330
1255
1255
1338
1336
1321
1211
1259
1371
1368
1297
1291
1338
1340
1473
1457
1132
34
1321
1106
1255
1204
1206
1210
1106
1100
1102
75
1267
1366
1267
1267
1269
1404
1444
1459
1436
1453
1455
1434
1434
1410
1410
1412
1404
1408
1412
1459
1414
1407
1405
1414
1406
1406
1457
1457
1455
1454
1457
1470
138
158
1150
1151
1336
1143
1319
1321
50
37
14
16
70
65
14
1100
1152
1406
71
37
65
1330
1291
1340
1342
1317
1321
1332
1182
1182
1182
1180
1182
1182
56
1226
1222
1222
1222
1222
1247
1228
1200
1210
1259
1133
1214
1210
1243
1263
1475
1203
1337
1261
1295
1291
1146
1323
148
1325
1339
1334
1334
1336
1336
1336
1334
1334
1334
1473
1156
1216
1206
1218
1204
1206
1211
1147
492
480
656
694
684
661
698
700
704
678
672
675
696
408
377
348
397
372
394
373
376
467
1436
251
253
241
811
805
789
805
1058
1359
1359
1355
1359
934
952
901
917
934
950
941
982
945
1168
825
1433
1449
1438
1447
757
500
826
1462
1469
1465
1443
1435
1433
1107
1471
1458
1455
1455
601
528
255
1426
1428
1417
1418
1416
1424
1420
1430
1417
1424
1439
1432
1428
1426
1468
1468
1467
1467
1433
1446
1439
1418
1418
1430
1416
1434
1418
1443
1449
1433
1452
1418
1444
1447
1420
1451
1452
1451
1433
1416
1449
1432
1443
1436
1430
1430
1447
1451
1443
1439
1433
1422
1432
1433
1430
1426
1426
1420
1418
1428
1422
1416
1437
964
977
1189
1162
1477
951
1268
1341
1203
1156
1141
1203
1196
671
787
1286
1135
1125
1103
1030
606
1477
484
758
671
1242
295
141
1348
1215
1244
1256
1205
289
291
136
135
145
588
1244
268
1242
1147
1127
1133
422
151
635
759
593
1333
655
452
98
1205
1477
913
684
955
280
467
1054
491
743
279
429
426
1331
295
1348
943
125
574
293
1151
903
434
907
1203
1135
965
1127
1477
1215
1127
325
1024
1341
1203
1456
1471
1413
1203
952
652
1055
1196
661
1162
1084
740
728
736
412
392
359
391
502
355
443
405
390
1269
1466
1459
1459
1361
1358
1356
1361
1361
1358
1358
1360
1356
1356
1361
1407
1412
1407
1406
1410
1033
1055
1037
1168
1239
1204
1204
1206
1211
485
485
432
787
793
801
812
812
803
810
608
622
616
650
521
574
869
584
639
633
1177
1210
1205
1204
1211
1124
1480
36
88
86
68
120
6
142
107
93
132
90
62
1070
1010
1112
1126
1113
502
474
1149
427
496
402
367
410
1078
447
447
1350
1352
638
1166
610
1354
610
351
504
182
508
515
977
808
980
854
542
508
680
676
670
1160
1170
1177
1177
536
972
904
359
490
479
405
356
393
346
409
407
375
407
639
414
418
240
854
903
1092
1139
1153
1188
1172
238
230
672
888
916
881
974
773
802
824
792
785
790
822
176
168
412
348
228
264
1092
973
256
854
1361
1361
1359
1355
1355
1040
1039
1059
1051
1004
1049
1481
1481
1172
1218
1245
1245
1229
1218
1228
1226
1238
1227
1236
1234
1229
1245
1239
1236
449
1158
516
510
508
1160
31
562
540
518
630
540
650
529
650
522
637
1474
312
179
257
168
337
1317
1312
1319
824
634
532
512
516
591
521
510
522
640
520
646
477
591
543
1318
1073
192
418
359
498
353
268
297
170
252
184
202
1090
712
767
720
729
708
460
449
371
398
407
380
446
771
1115
1122
1106
1112
1114
1126
1105
1103
1096
1105
1124
1106
1105
1105
108
130
1344
1344
48
80
42
18
145
40
1404
99
1090
1080
1082
1090
228
204
296
282
264
184
199
180
266
190
207
266
208
190
319
182
130
52
284
310
323
275
250
862
579
1318
1033
1013
1049
1068
1026
1055
1003
1057
1055
1003
991
1055
643
1481
1027
999
1036
1064
1008
1354
1221
1221
1267
1260
1254
1256
1265
1265
1265
1264
1262
1332
1330
1325
1323
1323
1272
1321
1282
1299
27
141
1260
1257
1266
1257
1259
110
29
103
64
56
854
1372
1372
1377
1376
1090
169
173
274
545
483
469
473
487
511
511
646
420
483
326
225
310
1367
1466
1466
1223
1223
1225
1219
994
1008
650
505
582
542
645
306
1224
938
884
906
1190
898
1189
1193
890
1188
890
892
920
926
926
911
892
920
898
903
912
920
881
887
940
922
912
974
909
1008
1015
1075
1469
1459
1469
1466
1314
227
178
169
297
331
197
167
220
283
336
326
299
320
216
287
270
262
328
272
272
1405
1405
1407
1413
1455
1457
1405
1405
1290
1308
1282
1288
667
661
659
763
683
446
814
823
823
799
793
799
1474
625
1149
1106
1122
1473
261
187
1086
295
259
1170
1176
237
259
1037
1193
1459
1455
1381
1398
1384
1379
1388
1388
1380
1373
1378
1382
1374
1400
1374
1383
1372
278
697
809
196
138
1259
1247
1241
1257
539
1014
565
512
223
217
334
596
1090
1072
1090
211
1206
1202
935
862
603
474
1200
1467
1475
1355
1357
1359
1355
975
954
1231
1234
1220
1222
1220
788
775
806
771
196
319
371
445
366
403
380
382
404
393
489
201
800
392
802
788
770
212
175
203
327
205
266
234
429
431
238
822
818
1374
1307
1297
1281
1283
1287
1297
1295
1287
1287
1285
1300
1177
1177
127
76
59
47
105
1160
1156
1377
1368
1375
1375
1369
1367
1372
641
466
427
1348
846
326
443
432
448
370
441
489
440
800
634
310
1203
1252
1238
1215
1124
1108
1124
1112
1110
1100
1096
556
506
1160
1114
1096
1130
1190
1190
1038
691
674
379
416
394
1190
1190
1196
1188
695
671
695
682
699
880
1106
1105
1108
1110
1126
1115
1104
1102
1115
1130
1128
1122
1096
1106
1127
1128
1102
1102
1287
1444
1245
1219
1203
1255
1263
1260
1206
1214
1477
1156
1160
1473
1472
1455
1456
1472
1470
556
841
840
525
830
352
519
612
845
844
1352
866
873
516
876
1352
520
830
523
230
181
793
787
718
714
748
739
784
1482
1379
1474
1204
1342
1217
1217
1166
970
948
960
1142
1142
1135
684
724
742
718
707
713
715
738
748
741
681
654
664
656
680
672
704
656
687
448
420
312
460
468
335
576
827
642
756
669
365
183
203
183
1433
1433
1433
1433
1448
1433
1433
1428
1424
1435
1432
1422
1443
1435
1435
1435
1448
1133
1154
563
607
1341
1468
1467
854
831
829
601
610
605
369
452
863
844
520
606
559
668
873
863
643
838
688
920
396
1189
1196
843
623
598
828
602
1354
1344
1348
1346
1346
1352
537
624
519
596
517
508
537
522
566
580
624
1205
1208
290
300
334
330
276
1041
1048
1056
990
1000
1002
1031
1029
1015
1045
1229
1229
1231
1228
1230
24
104
122
38
148
94
102
92
80
98
40
12
10
129
137
78
91
101
116
106
104
103
65
17
27
15
1356
868
1320
1420
1435
1443
1249
1261
1263
1264
1010
988
1067
1065
1255
773
774
1409
1408
1406
1405
1414
1408
1412
1409
1413
1412
1410
1413
1453
1457
1453
1453
1407
1408
1410
1413
1412
1413
1392
1346
1346
1176
1176
1176
1176
1177
24
496
464
1214
471
453
481
449
1020
1230
1241
1243
1221
1236
827
872
851
874
375
416
390
854
849
825
861
841
849
304
537
640
617
596
644
623
569
796
567
1168
1176
1053
447
270
199
918
896
890
920
930
920
918
917
915
132
61
156
1406
767
1332
1330
1172
1216
1342
409
1457
1261
1257
1338
978
800
1133
1291
1053
1045
1063
1027
1106
598
528
534
562
1453
1420
902
1122
1394
1369
1404
1376
1390
1041
1018
699
763
681
707
716
698
706
676
678
87
1166
553
752
745
756
750
433
377
367
666
664
755
761
406
358
360
395
156
124
149
123
150
1204
1332
1362
1276
1299
1217
1215
1201
1274
775
1228
1243
1217
1215
1312
1108
1127
1122
1124
1120
1128
1130
1108
1112
1096
1109
1042
1059
662
1162
1166
1172
453
36
64
28
150
109
32
16
9
63
163
68
44
93
38
32
12
25
2
84
74
22
42
113
162
56
152
160
138
61
149
21
67
52
140
11
158
165
50
156
60
54
15
140
502
1076
1076
544
537
507
548
506
553
543
504
548
506
531
557
508
1228
1230
1226
1246
1229
1221
1247
1219
1225
1230
1223
1232
1223
1228
1239
1230
1219
1225
1227
1128
600
614
605
1109
1118
417
355
616
583
621
569
1117
1118
872
1112
1124
1115
1111
1115
1117
556
1120
547
504
581
646
605
1105
1105
775
258
507
275
208
212
531
642
619
1105
1118
864
1115
1115
534
630
580
502
735
1370
1287
1298
1301
1295
1295
1295
1306
1302
1281
1283
1294
1297
1295
1018
1207
1205
1207
1202
1208
1110
1126
1112
485
1250
1253
1255
1267
1267
1255
1263
1238
1225
1231
1243
1214
1209
1207
1209
1208
1344
1344
1342
1211
1205
1074
1092
1092
1094
1078
466
433
364
374
1149
1152
1139
1185
1185
1186
1180
1182
1180
1186
1184
1187
1481
293
316
331
328
435
1176
1172
1164
314
185
167
207
185
220
246
262
217
711
744
376
359
706
731
726
726
674
679
491
340
350
384
455
430
458
73
1166
1133
1150
1142
1144
1134
1146
1284
1299
1269
1297
1299
1278
1274
1109
511
981
960
978
966
958
970
887
952
979
968
942
965
959
916
978
976
978
965
986
97
1217
1198
1216
1207
1209
1481
1090
1090
1369
1455
1481
1128
950
892
905
905
963
914
944
980
941
941
939
928
1191
889
910
886
912
1242
1228
1245
1232
1237
1241
1239
1245
33
1177
1360
1357
1356
1360
1357
1357
1360
1360
1475
1475
1355
1475
673
462
1325
1329
1332
1323
1321
1324
1325
1332
1329
1325
1211
1215
1215
1210
1204
1339
1339
1184
1134
1185
1184
1184
1186
1180
1187
1187
1185
1186
1186
1183
1186
1181
1149
1134
1142
1139
1155
1143
1135
1135
1149
1134
1134
1152
1138
1141
1138
1350
1346
1352
1350
1354
1352
1350
1200
154
341
341
691
731
1226
1245
1224
1243
1223
1228
1227
1229
1224
1229
1231
1230
1230
1329
1164
1170
1158
1436
1438
1447
1422
1434
1436
1449
1449
1449
1447
1438
1438
1422
1438
1451
1438
1338
1340
1336
1330
1332
1329
1323
1261
1342
1368
1253
1261
1371
1204
1291
1370
1297
1335
1338
1473
1473
1453
40
1106
1122
1108
1200
1148
1134
1148
1146
1198
1304
1217
8
1299
1293
1295
1435
1435
1442
1428
1405
1412
1415
1410
1408
1406
1457
76
164
1160
1160
72
54
48
88
1158
1319
1319
36
68
62
114
103
31
1158
1180
1216
1104
1336
51
1133
1152
1133
112
1298
1265
1324
1481
1263
1340
1340
70
1330
1316
1342
1187
1182
1186
1182
1182
1182
1182
1334
1224
1222
1247
1216
1216
1210
1208
1248
1208
1205
1216
1198
1372
1257
1255
1259
1263
1257
1206
1203
1158
1142
1325
1323
1218
1336
1334
1334
1473
1261
1138
1200
1344
1141
1263
1263
662
702
760
703
663
682
698
700
704
660
663
700
672
669
679
692
688
694
702
422
378
356
441
1363
1362
1362
1362
1362
1363
1362
470
241
237
213
253
786
814
791
997
1017
1017
1029
934
937
968
955
954
901
1482
1164
1435
1449
1452
1149
387
1138
858
1469
1471
1435
1435
1447
1437
1435
1471
372
754
1454
588
605
511
517
642
294
136
1426
1433
1433
1426
1445
1416
1439
1439
1428
1432
1422
1416
1422
1434
1418
1416
1434
1469
1459
1468
1466
1432
1448
1437
1439
1428
1435
1452
1452
1435
1432
1443
1443
1430
1448
1436
1449
1422
1449
1418
1428
1439
1416
1449
1452
1416
1428
1438
1439
1447
1420
1422
1450
1434
1428
1432
1445
1443
1445
1447
1428
1432
960
1189
1189
300
1168
1234
135
899
965
1203
1348
1028
1131
327
927
588
1147
1477
127
592
1240
1476
1107
1346
1335
1196
1014
1028
139
1127
451
605
631
623
937
424
581
440
1028
101
432
1141
454
951
275
755
304
1477
1353
1339
1346
458
1256
1353
302
456
595
587
277
131
1135
580
150
1041
754
301
490
1475
677
677
1348
1331
1179
625
1223
1181
1179
921
1225
757
1348
921
143
1097
921
131
953
1135
865
1145
605
951
125
1454
1471
1437
1454
1407
1471
1367
505
1070
1188
1188
660
690
664
1170
1092
1470
1472
403
373
411
352
366
396
798
1269
1306
1269
1293
1287
1296
1287
1293
1462
1466
1459
1464
1469
1358
1361
1355
1360
1360
1359
1356
1360
1361
1475
1357
860
1456
1052
997
992
1050
1002
1044
1067
1366
652
854
1291
1291
1297
1215
1228
1204
1217
810
805
785
643
618
537
510
602
603
594
1168
1480
1480
154
33
165
84
61
148
89
1036
1038
428
466
441
357
1076
414
449
443
259
1348
1178
1178
638
1350
1348
1354
1090
518
371
972
603
507
979
308
831
389
972
876
878
560
707
765
721
707
715
706
728
718
730
1162
436
1166
848
864
582
904
880
363
360
391
360
1134
541
568
842
404
353
37
510
1094
1172
896
192
334
1092
790
889
566
534
798
771
769
820
774
806
198
175
258
280
883
181
1361
1356
1355
1355
1359
1034
1481
1360
1362
1243
1245
1247
1208
1210
1156
550
1156
24
17
544
567
567
524
544
543
875
1474
278
1077
274
218
1310
1321
1291
1305
1310
805
506
504
1160
1160
509
603
637
614
524
518
572
563
567
529
479
603
398
398
408
441
375
370
351
303
331
166
200
168
238
168
759
721
754
725
764
765
765
763
734
734
724
406
470
472
786
776
1104
1132
1132
1096
1110
1104
1128
1127
1116
1107
1110
1106
1179
1178
488
22
55
103
116
118
10
71
102
1088
1092
1092
1075
1084
240
170
188
314
226
215
204
202
254
246
222
198
336
205
240
176
178
221
250
261
299
232
40
835
349
332
330
583
1162
1166
1059
991
1057
1055
1053
996
993
1070
993
1010
1056
1070
1254
1252
1265
1249
1263
1257
1328
1330
1329
1308
1325
1328
1272
1269
1255
1259
1261
1265
1261
111
108
56
82
1149
843
1370
1384
186
188
234
260
320
561
490
469
441
477
471
485
449
450
487
582
489
485
206
296
230
258
212
1466
1459
1467
1469
1466
1223
1229
1229
1030
626
863
1029
593
240
166
894
914
885
913
888
937
938
912
894
911
896
916
930
922
900
902
883
925
914
910
976
894
911
900
924
916
898
920
1333
1064
1050
1006
433
426
453
1092
1467
1469
1469
1466
1466
1469
1469
1196
303
1312
1317
278
294
262
292
180
180
302
329
334
225
250
189
194
299
279
178
256
306
244
227
312
1356
288
272
276
327
333
277
291
1453
1411
1413
1409
1405
1409
1456
1405
1286
1284
759
679
1168
1176
1474
603
594
578
1151
1138
1155
1104
1128
1132
1112
1115
244
318
203
234
1168
1172
1162
319
292
283
282
11
1039
1193
1428
1434
1426
1394
1401
1376
1379
1380
1378
489
775
480
130
809
1241
1230
1220
1249
1255
1259
1220
1220
1259
1080
519
620
546
539
219
204
239
170
1092
517
1094
1088
607
595
605
603
566
570
619
472
822
479
1200
388
356
943
947
964
975
964
1207
1209
1218
1247
1232
1229
321
344
371
413
415
368
407
357
386
373
810
251
211
782
778
417
769
782
792
772
268
217
232
175
228
379
807
802
780
638
1379
1388
1398
1368
1467
1299
1272
1295
1268
1283
1291
1302
1293
1267
1299
1297
1293
1283
1178
89
1474
45
1404
1371
1380
1380
1400
1390
1368
1392
605
545
637
547
1350
1350
1350
860
644
447
482
471
350
364
768
555
989
998
1237
1239
1232
1255
1130
1124
1126
1104
189
1156
620
1190
692
693
662
664
1189
363
375
1190
1198
1196
1198
1190
1198
656
904
323
1130
1132
1104
1101
1102
1096
1128
1128
1126
1100
1122
1111
1113
1127
1132
1100
1102
1094
1404
1424
1224
1223
1249
1478
1478
1480
1480
1480
1480
1470
1455
1453
1471
848
626
836
836
847
874
836
554
744
731
346
530
546
605
652
880
844
537
826
1459
1455
874
523
546
519
1378
249
223
799
803
803
498
732
379
376
363
790
1481
1209
1198
1217
1211
1208
1215
1168
473
963
981
983
941
1133
1140
1144
1134
1140
1138
1150
736
729
739
705
728
729
723
686
692
746
734
758
740
715
758
681
1032
429
482
335
486
317
410
669
367
351
336
183
1417
1415
1415
1446
369
1446
1450
1450
1446
1431
1448
1442
1444
1437
1431
1422
1429
1133
509
570
504
563
570
582
578
1344
829
854
837
856
854
538
633
826
586
560
554
712
603
632
607
1189
842
869
866
1196
1198
668
702
697
404
486
572
579
509
1354
1354
1350
1350
1352
555
1346
587
578
578
576
504
607
632
520
641
635
599
537
1205
1203
316
237
333
296
1052
1025
990
990
1021
1000
1039
1013
1031
1002
1226
1228
1241
91
35
127
25
80
106
32
116
102
78
37
142
151
141
93
98
100
55
113
1178
1416
1451
1446
1446
1448
996
1071
996
1069
994
988
770
796
776
784
1407
1407
1406
1408
1411
1409
1414
1414
1404
1408
1410
1409
1408
1457
1405
1414
1408
1405
1408
1410
1406
1409
1407
1409
1350
329
1178
1179
1176
31
18
1217
1202
467
1048
1481
1295
1241
1228
1240
1247
1241
1230
1227
868
842
451
454
491
344
862
847
869
852
846
875
301
337
621
851
841
1168
1170
1179
1164
1162
431
1051
1053
1055
201
232
265
898
915
1471
1471
1465
1465
1107
32
128
111
107
55
1342
1295
1457
354
1319
1162
1354
1340
1340
494
1222
1218
1202
887
1204
1108
1338
1265
1336
203
1063
1063
1004
1032
1020
1065
510
858
608
1110
1383
1378
1367
1376
617
1004
1037
1024
750
745
720
705
732
657
675
120
740
739
768
753
694
663
713
711
713
445
478
355
395
466
401
488
415
708
737
761
494
750
136
122
1295
1299
1290
1274
1297
1299
1206
1210
1332
1280
1280
818
811
1201
1214
1200
1217
1205
1102
1102
1104
1130
1124
1116
1122
1112
1096
1126
1077
1073
690
1188
489
462
84
107
11
147
138
116
2
8
26
26
1162
122
75
9
66
28
36
163
159
69
165
46
62
136
146
34
126
146
124
123
75
118
120
67
17
21
648
591
504
580
639
530
550
538
527
523
1237
1227
1231
1229
1237
1247
1227
1223
1223
1245
1225
1219
1219
538
444
175
1117
1117
619
502
441
526
641
549
761
1103
1116
633
341
528
849
1115
1111
1113
1111
840
518
852
526
292
631
1109
1107
1127
603
605
177
333
254
592
291
1128
856
603
1384
1368
1368
1392
1358
1303
1284
1305
1300
1295
1307
1287
994
1001
1003
1057
1343
1207
1200
1209
1198
1130
1128
1124
1126
1122
1132
1130
1108
365
1261
1265
1248
1253
1249
1256
1248
1265
1265
1253
1253
1261
1253
1223
1239
1240
1207
1214
1207
1207
1215
1214
1340
1209
1140
1147
1145
1185
1076
1094
445
445
485
418
377
448
436
493
1140
1144
1145
1145
1180
1184
1185
1186
1185
222
326
243
183
236
460
442
431
1178
1164
257
224
322
174
281
245
198
174
205
208
170
187
212
216
184
748
470
431
481
714
726
741
726
365
388
403
469
420
472
462
486
405
444
33
129
60
25
50
29
1153
1150
1148
1142
1140
1144
1144
1140
1268
1282
968
962
958
953
956
919
968
966
958
918
942
982
954
948
962
949
1079
1079
1090
1074
1090
1082
1205
1126
1110
922
888
906
952
953
982
932
938
939
905
928
934
1190
884
1219
1223
1225
1220
1245
1221
82
1438
1438
692
1338
