7391
1331
1425
1455
1455
1455
1455
1455
1455
1455
1455
1473
1451
876
462
1425
1425
1425
462
463
616
1401
1401
1404
1404
1404
1404
1404
1404
1404
1404
1404
1404
392
392
392
393
1425
1315
1118
1316
1317
1317
1317
1317
1317
1317
1118
1119
1119
1119
1119
1120
1120
1121
1121
1122
1122
1122
1122
1122
1122
1122
1122
1443
1444
1444
1444
1444
393
393
1
1
463
463
1094
1094
1094
393
778
1051
779
779
987
779
779
780
780
780
780
781
781
781
782
782
782
782
783
783
783
784
784
1425
1331
1332
1332
1332
1332
1332
1332
1332
1332
1332
1332
1332
1332
1411
1411
1411
1249
1249
1226
1226
394
1404
1404
936
1420
1328
1411
1411
1411
936
1412
987
1412
1412
1412
1412
1471
1471
987
1
1
936
1257
1257
1257
1257
1257
394
1257
1227
1252
2
1227
988
988
1469
1469
1332
1332
1332
1380
1380
1231
1231
1231
1231
1231
1231
1231
1232
1232
1232
1232
1381
1381
1381
1122
1227
1257
2
2
2
3
1420
1252
1122
1233
3
3
4
4
4
4
5
1252
394
1420
1420
5
1227
394
1317
1317
1317
1317
1317
784
784
785
395
396
396
396
397
397
937
1216
398
398
1227
937
937
398
398
401
937
988
1122
1122
5
5
1404
1329
1329
1122
1122
1122
1122
1420
401
938
338
338
338
339
339
339
339
340
340
340
340
876
463
464
464
464
464
465
465
1333
1333
1469
1466
1466
1466
1466
1466
1466
1466
1467
1467
1467
1467
1467
163
163
163
1051
1051
1052
1123
1452
1138
1138
1138
1139
1139
1139
1140
1140
1140
1140
1140
1140
1455
1455
1456
1456
1190
1190
1190
1190
1178
1190
1178
1190
1425
1425
1425
1452
1333
1333
1452
465
164
1414
1414
1414
1334
1334
1334
466
164
1382
1382
616
616
616
1094
1140
1140
164
1334
1334
1334
1334
1334
1334
1334
1334
1414
1414
1334
1334
1334
1334
1334
1335
1335
1335
1336
1336
1336
1336
1336
1336
1336
1336
1336
1336
1336
1336
1336
1336
1336
1337
1337
1337
1337
1338
1338
1338
1338
1338
1338
1338
1338
1338
1338
1338
1338
1338
1338
1338
1339
1178
1178
1178
1178
1435
1178
785
466
401
401
402
1444
1095
1257
938
1435
341
341
1178
6
6
1474
466
164
1257
1404
785
1095
617
1095
786
1258
1178
1475
1475
1475
402
342
876
1123
1123
1095
1178
1258
988
617
1123
1178
6
1123
402
1096
467
1435
1179
1444
1425
165
6
1140
1475
467
877
165
1317
617
1096
467
1190
1123
1190
1317
617
1317
938
618
1190
1190
7
467
1190
786
938
1190
165
1191
1253
1471
1179
402
1191
618
989
939
1317
165
403
166
1259
1233
1469
1227
1140
1140
1140
1435
1452
468
468
468
468
469
469
469
470
470
989
989
989
990
990
1414
1456
1456
1456
1456
1457
1457
1452
1382
1382
1233
1233
1233
1233
1140
1140
1140
1141
1141
1142
990
403
470
1052
1052
1052
1053
618
618
619
619
619
1426
1420
1420
403
403
1259
1259
471
7
7
8
8
9
9
9
10
10
10
10
11
11
11
12
12
12
1142
1142
1259
1469
1142
166
471
472
472
472
473
473
473
619
1096
1444
1444
166
1208
474
166
1453
474
620
620
477
620
1096
620
877
167
621
621
1426
621
477
477
477
478
478
479
479
479
1053
621
622
342
479
480
480
167
1096
1123
167
342
343
1191
1191
1179
622
1053
1053
1053
1053
1053
1054
167
168
168
480
480
481
168
169
169
169
622
1457
1142
1142
1142
1142
1142
1142
1426
1457
786
786
787
787
787
787
788
788
404
1253
1253
1253
13
622
623
623
623
623
624
1096
1096
877
624
624
170
1227
1227
624
625
625
625
625
626
626
626
626
481
481
481
629
629
1054
482
482
170
170
170
877
878
878
878
878
879
879
879
880
880
880
880
881
881
482
482
483
483
483
483
1055
1055
173
1259
1259
1259
1259
1259
1259
1259
1259
1259
1259
1426
1426
1426
13
13
13
14
14
1421
1421
1421
1422
14
14
15
15
15
15
16
1208
1208
1208
173
173
173
174
174
174
175
175
175
175
176
176
176
176
177
177
177
16
177
1096
483
178
178
629
1426
1217
1142
1142
1142
1142
1142
1143
1144
1469
630
1144
1144
1144
1144
1144
1144
1144
1144
1144
1144
178
1209
939
939
939
940
940
940
1383
1404
1405
1405
1405
1405
1405
1405
940
941
941
941
942
942
16
1217
178
179
179
630
483
483
483
484
484
484
484
630
630
485
180
180
181
181
181
181
182
182
182
182
183
183
183
1469
1414
1414
1414
1414
1414
1414
788
1144
631
1096
1096
1096
1096
631
631
184
184
184
788
1193
1193
1193
1195
1195
1195
1195
1195
1195
1195
1195
1195
1195
1195
1195
1195
1195
1195
1179
1195
1196
1196
1144
1144
1144
1144
1145
1414
1414
1414
1415
1415
1415
184
1227
1227
185
185
186
186
186
186
187
187
187
187
188
188
188
189
189
189
189
190
190
190
190
1233
1233
1233
1233
1233
1233
1233
1233
991
991
992
992
992
992
993
881
485
485
1055
1055
631
1123
1123
1123
1259
1260
1260
1209
191
191
191
191
1426
1426
1426
1426
1426
1426
192
16
17
17
1260
993
1339
1339
1217
1217
1217
1217
1123
485
485
485
193
193
193
485
485
789
789
942
943
943
789
193
632
632
632
194
194
194
195
632
633
1209
1209
195
943
195
633
633
633
634
634
634
635
1445
486
486
1415
1196
487
487
487
1457
1457
1457
1179
1179
789
790
790
487
487
487
487
487
488
488
488
488
195
1055
1055
1055
1055
196
196
489
489
196
1056
1056
196
1217
1217
1415
993
993
994
994
995
995
996
996
996
996
997
997
997
998
1426
17
18
18
1096
1096
1097
21
21
1253
1217
1217
1217
1217
1217
1218
1218
1218
1218
635
635
636
636
1057
489
489
489
489
1057
1057
1145
1145
1145
1145
1146
944
405
791
1260
1261
1261
1261
1261
1261
1422
1261
1261
1261
1261
1435
1436
343
343
343
344
1436
489
1436
1436
1436
1436
1436
1436
1436
344
1196
1196
1196
197
1261
1261
1261
1261
1261
1261
1262
1262
1262
1263
1263
1263
1263
1263
1263
1339
791
791
791
792
944
944
944
945
945
947
1475
1475
1475
1253
1453
1453
1453
1383
1097
1097
1100
1100
1100
1100
881
637
1100
1100
1100
1100
637
1100
1100
1445
1100
1100
1100
637
1100
197
197
1057
1057
1196
882
882
882
490
490
490
1057
1057
405
405
1422
405
406
406
406
1179
1179
1179
1179
1123
1123
1123
1124
1124
1124
1124
344
344
345
882
883
883
883
884
884
345
345
346
346
346
346
490
491
197
198
491
198
198
637
491
491
491
491
198
1340
1340
1340
1340
1340
1340
1340
1340
1340
1340
1340
1340
1340
1340
1341
1342
1342
1342
1342
1342
1342
1342
1342
1342
1124
638
638
638
639
1415
1100
1100
1101
1101
1101
491
1101
639
639
640
640
885
1436
347
1196
1196
491
1102
640
1102
1436
1436
347
347
492
1436
1102
640
641
641
641
1102
1102
1102
1445
1445
1445
1445
1445
1445
1445
1445
642
643
643
643
643
644
644
1146
407
407
199
199
1146
1146
1146
1146
1146
1147
1147
1147
1147
1147
1147
1147
792
792
792
21
21
22
22
22
22
23
23
23
23
24
24
25
25
25
25
26
26
26
1102
1342
199
199
1342
1342
1343
1343
948
948
948
948
949
949
1147
1057
1233
1234
1234
1234
1234
1235
1235
1235
1235
1235
1235
1383
1235
1235
1383
1384
1384
1235
1235
1235
1235
1235
1236
1236
1237
1237
1426
1427
1427
1427
26
27
27
27
27
28
28
29
29
407
1209
1148
1148
1148
998
793
793
793
796
796
796
796
1102
492
1102
1102
1102
1102
644
644
645
645
1102
645
645
646
1427
1427
1427
1427
1427
1427
1427
492
200
1196
1196
1196
1415
1415
29
29
1227
1237
1102
1227
646
1422
1196
492
1227
646
1218
1412
1329
1329
949
1422
408
408
1148
1148
1148
1148
1263
1237
1343
1196
1263
1263
1384
1218
1218
1218
1149
1149
1149
885
885
885
886
886
347
348
348
348
1427
1427
1469
646
647
647
886
349
349
887
887
887
887
888
888
888
493
493
493
888
889
889
494
494
494
495
889
889
890
495
495
30
30
30
30
408
408
409
409
998
409
998
999
409
999
797
797
410
410
1405
1263
1263
1263
1263
1263
1263
1264
1264
1264
1265
1265
1265
1265
1149
1149
349
1427
496
496
31
31
31
31
32
32
32
32
33
33
33
33
34
34
34
35
35
35
35
36
36
36
36
37
37
37
37
38
38
38
38
39
39
647
648
648
648
649
649
649
650
650
797
797
798
798
798
798
799
799
650
349
650
1265
1265
651
651
1102
651
651
890
652
652
652
652
1103
1265
1265
1265
1103
1103
1265
1103
653
200
200
1265
1265
653
1218
1457
999
1000
1000
1000
1000
1001
1001
1001
1001
1002
1002
1002
1003
1003
410
410
411
411
411
39
1265
1265
1265
1265
1266
949
950
950
950
799
800
800
39
40
1471
411
1422
412
412
1124
1209
1209
1209
1209
1209
496
496
497
497
497
497
498
1124
1317
1318
1318
1318
1318
1319
1319
1319
1319
1319
1319
1319
201
201
201
201
202
202
202
498
498
499
499
1428
1428
40
202
203
203
203
203
204
204
204
204
205
890
890
499
891
891
891
891
500
500
500
501
501
501
40
40
41
41
1124
1124
1124
1124
1003
1003
1004
1004
1004
1004
1005
1005
412
653
653
1179
1179
1179
1179
1179
1179
1180
1180
1180
1196
1180
1180
1180
1180
1180
1180
1180
1180
1180
412
413
1209
1209
1227
1266
1266
1180
1197
1197
1197
1197
1197
1197
1197
1180
1197
350
1197
1197
800
801
801
801
801
802
802
803
803
803
1103
1457
1457
1457
1457
1457
1457
1458
1473
1473
892
892
350
892
350
350
501
1428
1428
1428
502
502
502
502
1405
1405
1405
1405
1405
1405
1405
1405
1405
1406
1406
1406
1406
1406
413
413
413
414
414
1428
1124
1319
1319
1319
1319
1319
1319
1319
1319
1319
1320
1320
1320
1320
1124
1124
1124
1124
1125
1125
1125
1125
1125
1125
1125
1125
1445
414
414
42
42
1103
1058
1058
1103
1104
654
803
804
804
804
804
805
805
805
805
806
806
806
806
807
807
807
807
808
808
808
1428
1428
1005
1343
1344
1344
1344
1344
1344
1344
1344
1412
1253
415
1422
42
1253
1227
1228
809
415
415
1218
1412
1412
1412
1329
1471
1471
1386
42
1267
950
1267
415
1267
1267
1267
1267
1267
1253
1005
1006
416
1386
1344
1237
1237
1237
1237
1237
1237
1415
1237
1386
1386
43
43
43
43
44
44
1253
1329
1125
1228
1267
44
45
45
45
45
46
46
1253
1321
46
1253
46
1125
416
1406
1406
1406
1406
1406
1253
416
1422
1422
47
1006
1321
1321
1321
1321
1321
1321
1321
809
810
810
416
417
417
417
417
1218
418
1125
418
418
951
951
418
951
419
1125
1125
1125
1125
1406
1329
1329
1329
1329
1329
1329
1126
419
1126
1126
951
1228
351
351
892
351
352
352
352
353
353
353
502
502
502
503
503
503
503
504
1467
1467
1467
1467
1467
1467
1467
1467
1445
205
205
206
206
206
1058
1058
1059
1059
1059
1059
1062
1149
1149
1149
1150
1150
1458
1458
1459
1459
1197
1197
1180
1181
1181
1428
1344
1344
1344
1344
893
1415
1453
654
1344
1344
504
1387
1387
1387
1387
654
654
655
1344
1344
1345
1345
1345
1346
1346
1346
1346
1346
1346
1346
1346
1346
1346
1346
1346
1346
1346
1346
1415
1346
1347
1347
1347
1347
1348
1348
1348
1348
1348
1348
1348
1348
1348
1348
1348
1348
1348
1348
1348
1348
1349
1349
1349
1350
1350
1350
1350
1350
1350
1350
1350
1350
1350
1350
1350
1350
1350
1350
1350
1436
1181
1436
1437
1437
1182
1182
1437
1182
1437
1428
1150
1267
1445
1197
810
1406
1477
1197
353
504
1437
811
952
952
655
1104
893
47
1228
1007
1007
47
1475
1267
1267
655
504
1007
47
206
1445
1446
1428
1209
1007
1150
1406
811
656
656
1104
1267
1428
48
811
207
504
1008
1182
207
504
1104
48
656
48
1267
49
1182
207
1446
1446
1182
49
1182
1126
656
1446
1197
49
1267
657
504
419
1267
1198
1475
1254
1477
1182
657
1198
657
1351
1453
1228
1237
1237
1453
1453
952
657
1150
354
354
354
1453
504
1062
893
894
505
505
505
505
506
506
1008
1008
1008
1009
1009
1009
1009
1228
1459
1459
1459
1459
1459
1459
1459
1459
1459
1459
1104
1150
1150
1151
1151
1151
1151
811
420
1062
1063
1063
658
658
420
421
421
421
422
1267
1268
1428
1473
1471
506
50
50
50
50
51
51
51
51
52
52
52
52
53
53
1471
53
54
54
1151
1151
1151
1152
1152
1152
1152
1152
1152
1268
1153
506
506
506
506
506
207
208
1446
1428
1428
1126
1446
1447
1447
507
1388
1182
1437
1437
658
658
659
1063
1064
208
1104
1104
1104
659
894
894
894
208
1429
659
659
1429
660
507
507
507
508
508
508
1126
1198
354
208
211
508
211
1198
1126
1429
212
355
1209
660
1182
1182
1182
1064
660
1064
1064
1065
1065
1065
1065
1066
212
213
213
213
214
660
1459
1459
1459
1459
1153
1153
1153
661
1472
1429
812
812
812
812
813
813
813
813
1477
1254
1254
1255
54
54
1474
661
661
662
662
662
663
663
663
663
214
214
215
215
1228
1228
1066
1066
664
664
664
664
666
666
667
667
667
667
1255
1066
1067
508
508
215
216
1209
216
1210
1067
895
895
895
895
508
509
509
1067
1067
216
1268
1269
1269
1269
1269
1269
1269
1269
1269
1269
1269
1269
1269
1010
1429
55
55
1477
1422
1422
1422
55
55
56
56
56
59
1210
1210
1210
1210
1210
216
217
217
217
217
218
218
218
219
219
219
219
220
220
1210
220
220
221
221
59
509
510
510
1210
221
221
222
1429
1153
1153
1153
1154
1154
1154
1154
1155
1155
1415
1415
668
1155
1156
1156
1156
1156
1156
1156
1210
1210
1451
1451
952
953
1406
1407
1407
1407
1407
1407
1407
1407
1407
1407
1010
59
1182
953
953
954
954
954
954
955
955
955
59
60
60
60
60
61
61
62
62
668
63
1218
1218
1218
1218
1218
222
222
510
510
510
510
510
510
511
511
511
511
512
668
512
222
223
223
223
223
224
224
224
224
1415
1415
1415
1416
1416
1416
814
814
1156
668
1104
1104
669
669
670
225
225
225
225
1228
1198
1198
1198
1437
1437
1198
1198
1198
1198
1198
1198
1199
1199
1199
1199
1199
1199
1199
1199
1199
1199
1156
1156
1156
1156
1210
226
1210
1416
1416
1429
226
1329
1228
1228
1228
1228
1228
1229
226
226
227
227
227
227
228
228
228
229
229
229
229
230
230
230
512
231
231
231
231
232
232
232
1237
1238
1238
1238
1239
1388
1239
1239
1239
1239
1010
1010
355
512
1068
1068
1429
1126
1269
1269
232
233
1210
233
233
233
234
234
234
235
235
1429
235
236
63
63
64
64
1429
1156
1437
670
1351
1351
1351
1219
1219
1219
1219
1219
1219
1219
1219
1219
1219
1219
1219
1219
1220
1220
1220
515
1068
1068
64
814
814
815
955
956
1069
815
670
670
671
671
671
671
236
1210
672
672
672
1069
1210
1199
236
673
673
673
1269
515
1069
1069
515
1070
1229
422
1229
1229
1471
516
956
1460
422
422
423
815
815
816
816
1070
236
516
516
516
517
517
517
518
518
518
1070
1070
519
519
519
1071
1071
237
237
237
520
520
520
520
521
521
1071
1072
1072
1072
1220
1416
1011
1011
1011
1011
1012
1012
1012
1013
1013
1013
1014
1014
1014
1014
1015
1015
1104
673
1474
64
65
65
1477
1220
1220
1220
1220
1220
1220
674
1239
522
1104
238
238
522
522
1072
238
239
1156
1156
1156
1157
1270
1270
1271
1271
1271
1272
1272
1272
1272
522
1437
355
355
356
356
356
356
1437
523
523
1437
1437
357
357
357
357
1199
1273
1273
1273
1273
1274
1274
1274
1274
1275
1275
1275
1275
1276
1276
1276
1276
1277
1277
1277
1278
1278
1279
1351
956
956
957
1475
1475
1453
674
1104
1104
1104
674
896
674
675
675
675
675
239
239
239
676
896
523
896
896
897
897
897
423
423
423
1429
1429
524
1182
1182
1182
1126
1126
1126
1126
1126
1127
898
898
898
898
899
899
899
358
524
524
524
1073
676
676
1104
677
677
525
525
240
240
1351
1351
1351
1351
1351
1351
1351
1416
1351
1351
1351
1351
1352
1352
1352
1352
1352
1352
1352
1352
1352
1352
1352
1352
1352
1352
1127
1127
1127
677
678
678
678
678
1105
679
1416
1416
1105
1105
1105
1105
1105
525
1105
679
1106
900
900
900
900
901
358
679
1106
1106
1437
1438
1438
358
525
1438
1438
679
680
1447
1447
1447
1447
680
680
681
681
681
681
682
682
682
683
1157
1471
424
240
241
1158
1158
1158
1158
1158
1158
1158
1158
816
817
817
65
66
66
66
66
67
67
67
67
68
68
68
68
69
69
69
70
70
70
70
1106
1353
1353
1353
957
957
958
958
1158
1158
1158
1158
1158
1158
1158
1158
1073
1388
1239
1239
1239
1239
1239
1239
1239
1239
1239
1240
1240
1241
1241
1241
1389
1241
1241
1241
1389
1241
1241
1429
1429
1430
1430
71
71
71
424
424
1159
1159
1160
1160
1160
1160
1160
1160
1160
817
818
818
818
818
1106
1106
526
526
526
527
1106
1106
1106
1106
1106
1073
241
241
683
683
1430
1430
1430
1160
1211
241
242
1199
71
72
1422
72
425
1106
1407
1229
1106
425
1127
1329
1073
1074
1074
1127
1127
1160
1160
1160
1160
1160
684
684
1106
1353
1471
1279
1220
1220
1220
1221
1221
1221
1221
684
1160
1160
901
901
901
902
902
902
358
359
359
72
1430
685
902
359
359
903
903
903
903
904
527
527
527
528
528
528
528
529
529
360
360
904
904
529
904
530
530
530
72
1015
1015
425
425
1016
1074
1075
1075
1075
819
1075
1279
1280
1280
1280
1280
1160
1161
1430
530
73
73
73
74
74
74
74
75
75
75
75
531
76
76
76
76
77
77
77
77
78
78
78
78
79
79
79
80
80
81
81
81
81
82
82
82
82
1438
685
685
686
686
686
686
687
687
687
687
819
820
820
820
820
821
821
821
821
822
822
822
822
823
823
823
824
824
1281
688
688
688
1281
242
243
531
689
689
689
689
690
905
363
531
531
532
690
1281
532
532
1106
690
1281
1282
1282
1282
1107
1107
1107
1107
1127
690
905
1282
691
243
691
1283
1107
905
533
1447
1221
1221
1221
1221
1221
1221
1461
1016
1016
1016
1017
1017
1017
1017
1018
1018
1161
426
426
426
427
427
427
1283
1283
1283
533
958
958
959
959
959
959
960
960
824
824
83
427
428
428
1422
1211
1211
1127
1321
1211
1211
1211
533
533
534
534
535
535
535
535
535
535
1127
1127
1127
1127
1127
1127
1321
1321
1321
1321
1321
1321
1322
1322
83
83
243
243
244
244
244
83
535
535
1430
1430
1430
1430
244
245
245
245
246
246
246
249
249
249
250
250
250
363
905
906
906
907
535
535
535
535
84
1076
1430
1127
1018
1018
1019
1019
1019
691
1183
1183
1184
1184
1199
1184
1199
1199
1200
1184
1200
1184
428
428
1422
1211
1211
1211
1469
429
1322
1389
1229
1284
1200
1200
1200
1184
1200
1200
1200
363
1200
825
825
825
826
826
826
827
827
1161
1107
1107
1353
1430
1461
1461
1461
1461
1461
1461
1461
1461
1461
1461
1473
1473
535
364
535
535
536
1430
1430
1407
1407
1407
1407
1407
1407
1408
1408
1408
1408
1408
1408
1408
1408
1408
1408
1408
429
429
429
430
430
1431
1128
1128
1322
1323
1323
1128
1128
1128
1128
1128
1128
1128
1128
1128
1128
1128
1128
1129
1129
1229
1447
1447
1447
1447
430
1019
84
536
907
250
960
431
827
827
828
828
828
829
829
829
829
830
830
1284
1353
1353
1353
1353
1353
1353
1353
1353
1353
1353
1354
1354
1354
1354
1412
1412
1229
1408
960
961
1412
1412
1229
431
961
1221
1221
1020
1020
1412
1413
1471
1390
1284
84
1229
1284
961
431
431
431
1285
1285
1285
84
1021
1469
1021
1021
1024
1241
1354
1416
1354
1354
1390
1354
1354
1241
1241
1241
1241
1241
1241
1416
1241
1242
1242
1242
1242
1243
1390
1390
1391
1391
1391
1453
85
85
1129
1129
1329
1130
1229
1229
85
86
86
87
87
87
87
1285
1130
1243
88
88
88
1408
1024
1423
1423
1229
1229
1408
1323
1323
1323
1323
1323
1323
88
830
831
831
831
834
834
834
431
432
961
1130
432
432
834
962
1477
432
1413
962
1024
1024
1130
1408
89
1409
1413
1330
1330
1330
1330
1330
1330
1330
1330
1471
1130
433
433
433
433
433
433
1130
536
536
364
364
364
365
365
365
366
366
366
366
367
537
537
537
537
537
537
537
537
537
1354
251
251
251
1076
1076
1077
1077
1162
1461
1461
1461
1461
1200
1184
1200
1200
1200
1184
1200
1184
1184
1431
1107
1354
1354
1354
1354
907
537
1108
1416
1416
1416
1355
1355
1355
1286
1453
1391
1392
1392
692
692
251
1355
1355
1355
1355
1355
1355
1355
1355
1355
1355
1355
1355
1356
1356
1417
1417
1417
1417
1356
1356
1356
1356
1356
1356
1356
1356
1356
1356
1356
1357
1357
1357
1357
1357
1357
1357
1357
1357
1357
1357
1357
1357
1357
1357
1357
1358
1358
1358
1358
1358
1358
1358
1358
1358
1358
1358
1358
1358
1358
1358
1359
1359
1359
1184
1184
1438
1431
1475
1184
1025
1423
433
1255
1130
434
1438
367
1077
1025
1130
1286
1287
1162
692
1475
537
909
367
835
252
89
1447
434
835
962
434
252
252
89
89
90
692
835
252
835
1130
1287
1287
537
90
693
909
693
1409
367
537
90
435
1475
1200
368
1184
253
537
1162
537
910
253
537
538
1409
253
1447
1184
90
693
253
1130
1201
538
1201
435
1130
1184
1287
1475
435
1287
254
1162
1424
435
1392
1453
1243
436
1185
694
1162
1438
368
1431
1211
910
910
911
538
538
539
539
539
539
540
540
540
1025
1417
1417
1417
1461
1462
1462
1462
1463
1463
1463
1463
1463
1463
1463
1243
1243
1243
1243
1243
1162
1162
1162
1431
836
436
436
436
439
540
541
541
1078
1078
1078
1078
1079
1079
1079
694
694
694
695
695
695
1108
696
696
696
1431
439
439
439
440
1287
1473
91
91
91
91
92
92
92
92
93
93
93
94
1162
1162
1287
1287
1287
541
541
1130
542
542
542
542
543
1211
543
543
1447
1447
696
1431
697
1447
697
543
697
254
697
698
1185
1079
1185
1108
698
698
368
368
369
1255
1431
1431
1431
699
1185
1201
544
544
544
544
545
545
545
546
546
547
547
699
547
547
254
1108
1201
1211
1130
1130
1438
1431
254
255
369
1201
1201
1201
1185
1080
1080
1080
1081
1081
1081
1082
255
255
548
548
255
256
1211
1185
256
1108
1463
1463
1463
1463
1463
1162
1162
1162
1162
1164
1164
1469
1469
1431
836
836
836
837
837
837
837
838
838
838
838
839
839
839
840
548
1255
699
700
700
1255
94
700
700
701
701
701
701
702
702
702
702
1473
257
257
257
257
258
1230
1230
1230
1082
703
703
703
704
704
704
704
705
706
706
706
548
706
707
1230
1211
258
549
549
549
550
258
258
259
259
259
259
1211
911
911
911
912
912
550
550
553
553
553
553
554
1082
1287
1287
1287
1287
1287
1287
1288
1288
1290
1290
1290
1291
1291
1291
94
94
1424
1424
97
97
97
98
98
98
1472
99
1211
1214
1214
1214
260
260
260
260
261
261
261
261
262
262
262
262
263
263
263
263
99
99
264
264
264
265
265
1108
707
1230
1164
1164
1164
1164
1164
1164
1164
1164
1164
1164
1164
1164
707
1469
1164
1165
1165
1165
1165
1451
840
840
963
964
964
964
964
965
965
965
965
1409
1409
1409
1409
1409
1026
1409
1026
1026
99
100
966
966
966
966
967
100
100
100
101
101
1108
1221
1221
1221
1222
1214
265
266
266
708
554
554
555
555
708
708
709
555
556
266
266
267
1469
1417
1417
840
841
841
841
1166
1166
709
709
709
710
710
267
841
1201
1201
1201
1438
1201
1438
1438
1201
1438
1201
1201
1202
1202
1202
1202
1202
1202
1202
1202
1202
1202
1202
1202
1202
1202
1202
1185
1203
1166
1166
1214
1417
1417
1417
1417
1230
267
267
268
268
268
268
269
269
270
270
270
270
271
271
271
271
272
272
272
272
1243
1243
1243
1243
1392
1393
1243
1243
1026
1027
1027
1027
369
369
370
912
370
556
1082
1083
1084
1084
1084
1085
1473
710
1130
1291
1291
1474
273
273
1214
273
273
1431
1431
274
274
1166
1438
1393
1393
1222
1222
1222
1222
1222
1222
1222
1222
1222
1222
1222
1222
1222
1222
1223
274
370
1085
274
101
967
967
842
967
710
1166
711
711
275
275
275
711
1214
1214
1214
276
440
440
1203
1108
711
556
440
1417
1473
1463
1463
1463
1463
1185
1185
842
842
842
843
843
1085
1086
1086
1086
276
276
556
557
557
557
558
558
558
559
559
276
1086
559
1087
1087
1087
277
277
277
277
278
278
278
559
560
278
1088
1088
1223
1027
1028
1028
1028
1029
1029
1029
1029
1030
1030
1030
1432
1432
101
102
102
102
102
1255
1255
1223
1223
1223
1223
1223
1223
1223
712
560
561
1448
1108
279
561
561
561
562
562
562
562
1088
712
279
441
968
843
441
1291
1291
1291
1291
1291
1291
1291
712
712
1255
1291
1291
1291
1438
1439
1166
370
371
563
563
563
1439
1439
1439
1439
371
371
371
372
372
1203
1292
1292
1292
1293
1293
1293
1293
1293
1293
1293
1293
1293
1293
1293
1293
1293
1293
1294
1030
1359
843
844
441
968
968
968
441
441
1476
1255
1255
1454
1454
1394
1394
1454
1454
713
1108
1108
713
1108
563
713
713
1108
1108
1448
1108
1109
714
1109
1448
714
1109
714
279
280
1089
1089
912
913
913
913
1089
1477
1223
1474
441
1424
441
441
1432
1185
1185
1185
1130
1131
1131
372
913
914
914
914
914
915
916
916
916
372
373
373
373
373
374
374
374
374
564
564
280
564
564
280
714
1109
715
916
375
565
281
281
281
1359
1359
1359
1359
1359
1359
1359
1359
1359
1359
1360
1360
1360
1360
1360
1360
1360
1132
1132
715
715
1424
1417
1418
1109
1109
1109
715
716
716
565
566
1110
1110
716
717
717
375
1110
1110
717
1110
375
1203
566
1439
1439
1110
718
718
1110
718
1448
1448
1448
1449
1449
1449
719
719
719
720
720
720
720
721
721
721
721
442
442
282
282
282
282
283
1166
1166
1166
1166
1166
1166
1166
1166
1167
1167
844
844
845
845
845
103
103
103
103
104
104
104
104
105
105
105
106
106
106
107
107
107
107
108
108
108
108
109
109
109
110
1464
1110
1230
1360
1360
1360
969
969
969
969
1167
1168
1168
1168
970
1090
1090
1243
1244
1244
1244
1245
1245
1245
1245
1245
1245
1245
1245
1395
1395
1395
1395
1245
1245
1245
1245
1245
1245
1223
1449
1449
1432
1432
1432
1432
1432
110
566
566
442
567
567
567
568
1168
846
846
846
846
847
1110
1110
1110
1110
568
568
568
1110
1110
1111
1111
1111
1111
283
722
722
722
722
723
723
723
1090
724
1432
1432
1168
569
283
283
1203
1203
1203
1203
1203
1203
1203
1203
1203
111
111
111
1245
916
1409
1409
1432
442
1424
569
1396
970
970
1413
1185
1090
1132
1031
1168
1168
1168
1168
1294
724
724
724
725
1360
1360
1203
1294
1224
1224
1224
1224
1224
1168
1168
375
916
376
916
916
376
917
376
377
111
1432
725
917
917
917
918
569
569
570
377
377
918
918
570
570
570
571
112
112
112
112
113
443
1409
1468
1031
1031
443
443
443
1031
1090
847
847
443
443
1230
1295
1295
1295
1295
1295
1295
1295
1295
1295
1295
1295
1168
1168
378
1432
1432
1433
571
113
113
113
114
114
114
115
115
115
115
116
116
116
116
117
117
117
117
118
118
119
119
119
119
120
120
120
120
121
121
121
121
122
122
122
123
123
123
123
124
124
124
124
571
1214
1214
725
725
726
726
726
726
727
727
727
728
728
728
728
847
848
848
848
849
849
849
849
850
850
850
851
851
851
851
852
852
852
852
1295
729
729
729
1295
1295
571
572
729
730
730
730
1295
1296
1111
1296
1296
1297
1297
1297
1297
731
1297
731
731
731
732
732
1297
1297
1090
284
732
284
284
284
733
733
733
1297
1297
1111
1297
1297
733
734
734
572
918
1224
1032
1032
1032
1033
1033
1033
1034
1034
1034
1034
1035
1035
1035
1168
443
443
444
444
444
1297
1297
1297
572
970
971
971
971
972
972
972
853
853
853
854
444
445
445
445
445
1424
1424
1424
445
445
1214
1214
1214
1214
1215
572
573
573
573
1132
1132
1132
1323
1323
1323
1323
1323
1323
1323
1323
1324
1470
287
287
287
288
573
1433
1433
1433
288
288
289
289
290
290
291
291
291
918
918
574
574
919
919
919
919
378
378
574
575
575
575
575
576
576
125
1433
1132
1132
1132
1132
1132
1132
1035
1036
1036
1036
1036
1037
1037
1297
734
1185
1185
1185
1186
1186
1186
1204
1186
1186
1186
1186
1186
1186
1204
1186
1186
1186
1186
1186
125
445
446
446
446
446
1470
1215
1215
1224
1396
1470
1297
1187
1204
1204
1204
1187
1204
1187
1187
1204
1204
1204
1204
1439
1204
1204
1204
1204
854
854
854
854
854
854
854
854
125
1433
1464
1464
1464
1465
1465
1465
1465
1465
1474
1474
1452
1474
378
576
1409
1409
1410
1410
1410
1410
1410
1410
1410
1410
447
447
447
447
447
1413
1413
1324
1132
1325
1325
1325
1325
1325
1325
1325
1325
1325
1325
1325
1325
1325
1132
1133
1133
1133
1133
1133
1133
1133
1133
1133
1133
1133
1133
1133
1133
1449
1449
1449
1449
1449
1449
1449
447
125
576
577
379
920
854
854
854
854
854
854
854
855
855
855
855
856
856
1410
1433
1433
1255
1360
1360
1361
1361
1361
1361
1361
1361
1361
1361
1361
1361
1361
1361
1361
1361
1413
1413
1413
1410
1410
1410
1410
972
1424
1224
973
973
1224
447
1037
1224
1037
1330
1413
1471
1471
1396
126
1298
1298
1298
448
1133
1134
1134
1134
448
1038
448
126
1038
1038
1038
1362
1362
1362
1362
1245
1246
1246
1246
1246
1247
1397
126
126
1255
1255
127
127
127
128
1255
1230
1230
128
128
129
129
129
130
1256
1325
448
1298
1413
130
1134
1134
1134
130
1039
973
1410
1470
973
1424
1424
130
1410
1231
1424
1325
1325
1328
1328
1328
1328
1328
1330
856
857
857
449
449
449
449
974
449
449
449
449
1224
974
974
975
975
975
450
450
1256
1134
1411
1411
450
1330
1330
1330
1471
975
1134
450
1424
1134
976
976
379
379
920
381
381
381
381
382
382
382
382
383
383
383
384
384
384
385
385
577
577
578
578
1468
1468
1468
1468
1468
1468
1468
578
291
292
292
293
1090
1090
1090
1169
1169
1170
1170
1204
1204
1187
1187
1187
1205
1480
1433
1362
1362
1362
1134
579
1134
1111
1418
1454
1362
1362
1362
1362
1362
1454
579
920
1398
735
735
736
736
736
293
131
1362
1362
1362
1363
1363
1363
1363
1363
1363
1363
1363
1363
1363
1363
1363
1363
1363
1418
1418
1418
1418
1363
1366
1366
1366
1367
1367
1367
1368
1368
1368
1368
1368
1368
1369
1369
1369
1370
1370
1370
1370
1370
1370
1370
1371
1371
1371
1371
1372
1372
1372
1372
1372
1373
1373
1373
1374
1374
1374
1374
1374
1374
1187
1439
1439
293
1433
857
131
1205
1187
451
1449
1170
1299
293
1205
736
1134
1476
131
737
857
1476
1299
1449
1330
1439
1170
1170
131
1299
579
737
737
737
1205
579
738
580
1170
132
580
1134
580
1187
294
920
294
1476
1449
1413
1449
580
976
1450
294
581
738
738
294
135
1134
738
135
1170
920
295
581
1477
385
385
1450
1411
1328
739
858
1328
1328
1205
858
920
1450
1205
135
1299
1205
136
1187
1134
1112
1135
739
1187
136
1398
1454
1375
1398
1247
1454
1469
739
1170
1439
1439
386
386
386
1433
1215
1455
1455
581
581
582
582
582
582
1090
1039
1039
1040
1040
1040
1040
1041
1042
1418
1418
1418
1418
1418
1465
1465
1465
1465
1465
1465
1465
1465
1465
1477
1465
1112
1399
1170
1170
1170
1170
1170
1170
1171
1469
739
1112
1042
1042
1042
451
858
451
451
1090
1090
1090
740
740
740
741
741
741
741
1433
1473
1473
136
136
137
137
137
137
138
1171
1171
583
583
583
583
1215
584
584
584
295
1450
1433
1433
742
1450
1450
1451
1215
742
584
1187
742
742
1187
295
1112
585
1187
1112
1112
743
920
920
921
921
921
921
922
922
922
1256
585
1433
1112
1112
743
1205
1205
585
585
586
586
1135
743
744
1112
586
587
138
744
1215
1434
1205
295
296
1215
1090
1205
744
745
1090
1091
1091
1091
1091
1092
296
296
296
297
1205
297
1465
1466
1466
1466
1466
1171
1470
1466
1466
859
859
859
452
452
1257
745
1257
138
138
745
746
746
746
746
747
1112
1473
297
1215
297
298
1231
1231
1044
1044
1231
1092
747
747
1257
1257
747
748
748
748
748
749
749
749
750
750
587
750
587
587
588
588
588
588
591
298
298
298
299
299
299
299
922
922
922
922
922
923
923
924
924
924
924
591
592
592
1092
1092
1299
1299
1299
1299
1299
1299
1299
1299
1299
1299
1299
1299
1434
1434
592
139
139
139
140
140
140
141
141
1215
1215
1215
1215
1215
300
300
300
300
301
301
301
302
302
302
302
303
303
303
303
304
304
304
304
305
305
305
141
1112
592
306
306
750
1434
1434
1172
1172
1172
1172
1172
1172
1172
1172
1172
1172
1172
1172
977
977
977
978
978
978
1411
1411
1411
1044
1411
1411
1044
1045
978
979
979
979
979
141
142
142
142
1135
1112
1224
1225
306
306
307
307
307
751
593
593
594
594
594
594
595
595
595
751
595
596
307
308
308
308
309
1418
1418
1418
1419
1419
860
860
860
1172
751
1112
1172
751
309
309
1205
1206
1206
1206
1206
1206
1206
1206
1206
1206
1206
1206
1206
1206
1206
1207
1207
1207
1207
1207
1187
1207
1207
1207
1207
1207
1207
1207
1411
1172
1172
1173
597
597
597
1215
1419
1420
1420
1420
1420
1420
1420
1439
310
1231
1231
310
310
311
311
311
311
312
312
312
312
314
314
314
314
315
315
315
315
316
316
316
1466
317
317
318
318
318
318
319
1375
1247
1247
1247
1247
1247
1399
1247
1045
1045
925
387
1434
1434
1473
752
752
752
1135
1135
1135
1300
1300
1300
1301
1301
319
320
320
320
1434
1434
1434
321
321
321
321
142
1173
1442
1375
1375
1376
1225
1225
1225
1225
1225
1225
598
1092
598
143
1092
861
861
861
980
980
980
861
862
980
1215
752
753
753
754
322
322
322
322
1216
754
1216
1216
754
754
755
755
755
755
756
598
1092
599
452
599
599
1188
1188
1188
1188
1188
453
453
862
862
862
863
323
600
600
600
601
601
601
601
602
602
1092
323
325
1092
1092
602
1092
1092
1092
1092
325
325
325
326
326
602
1093
1093
1093
756
1225
1225
1225
1225
1420
1045
1045
1045
1045
1045
1045
1045
1045
1045
1045
1045
1045
1045
1434
143
1473
143
1225
1225
1225
1226
1226
1226
1226
1226
756
756
757
757
1451
1451
1451
1112
757
603
603
603
603
603
1094
757
1173
1176
863
863
864
981
1301
1301
1302
1302
326
1257
758
1442
387
387
387
388
1443
603
603
1443
1443
1443
1443
1443
1443
388
1207
326
1302
1303
1303
1303
1303
1304
1304
1304
1304
1305
1305
1305
1305
1306
1306
1307
1307
1307
1472
1376
864
864
981
1477
1477
1477
1477
1477
1477
1455
1399
1399
1455
1112
758
1113
1113
1113
1113
1113
758
925
926
603
759
759
759
759
1113
1113
760
1114
1400
1400
1114
760
760
761
1226
327
327
1094
1094
1094
603
926
603
603
603
1094
1470
454
454
455
455
455
455
1434
603
1188
1188
1188
1188
1135
1135
1135
1135
1135
1135
1135
926
926
927
927
927
928
928
388
389
928
928
929
929
929
930
389
1176
603
603
327
604
328
604
389
604
604
328
328
1376
1376
1376
1377
605
1377
1377
1377
1378
1378
1378
1378
1378
1378
1379
1379
1379
1135
761
761
761
762
762
762
762
1424
1114
1114
1115
1115
1115
763
763
1115
763
763
764
930
764
765
765
1443
1115
1115
1115
1443
1443
389
390
390
605
605
765
765
767
1451
1451
1451
1451
1451
767
1451
767
767
768
768
768
769
769
769
769
770
770
770
456
456
328
329
329
329
1176
1176
1176
1176
1176
1176
1176
1176
1176
1176
864
865
865
143
144
144
144
145
145
145
145
146
146
146
146
147
147
147
148
148
148
148
1434
1379
1380
1380
1380
1380
1176
1176
1176
1176
1177
1177
1094
1094
1094
1094
1247
1247
1247
1247
1247
1247
1248
1248
1248
1249
1249
1249
1249
1400
1249
1249
1249
1249
1249
1249
1249
1249
1249
1249
1451
329
1434
1435
1435
149
149
456
456
605
1177
1470
1046
865
865
866
866
866
866
867
1115
1115
605
605
605
605
1115
1115
1115
1115
1115
1115
330
330
770
1116
1116
1435
1435
1435
1435
1435
605
1177
1177
1177
330
330
331
1207
1207
1455
1455
1420
1420
1307
149
149
150
150
150
1424
1046
1401
605
1231
1257
1452
1425
1413
605
867
457
457
1207
457
1308
1413
981
1330
331
1177
1177
1177
1177
1177
1177
771
1116
771
1309
1226
1226
1226
1226
771
1177
1177
1177
930
930
931
390
931
390
391
151
931
932
932
932
391
391
932
933
933
605
605
605
605
605
606
606
606
933
934
934
607
934
151
151
1046
1046
1047
1047
1047
1048
457
458
1411
1048
1048
1094
1094
458
458
458
459
459
1309
1309
1309
1310
1310
1311
1311
1311
1311
1311
1216
1216
391
1443
607
607
151
152
152
152
152
153
153
153
154
154
1435
154
154
155
155
155
155
156
156
156
157
157
157
157
158
158
158
159
159
159
160
160
160
160
161
161
772
772
772
773
773
773
773
774
774
774
867
867
868
868
868
868
869
869
869
872
872
873
873
775
607
331
1311
1311
775
608
608
775
775
776
934
1311
1312
776
608
776
1117
1312
1312
1312
1313
1117
777
1117
777
332
777
1313
1313
1313
777
778
332
332
332
778
333
1313
1118
778
1226
1226
1226
1226
1466
1048
1049
1049
1049
1050
1050
1050
1178
1178
1178
1178
1425
459
459
460
460
1313
1314
1314
1314
1315
1315
1315
1315
608
982
982
982
982
983
983
983
983
986
986
986
986
987
873
874
874
460
460
461
461
461
461
1425
462
1135
1135
1138
1328
1216
1216
609
609
610
610
610
611
611
611
1138
1138
1138
1138
1328
1328
1328
1328
1328
333
333
333
334
334
612
612
612
1435
1435
334
334
335
335
335
335
336
336
336
336
337
337
337
337
338
935
612
613
613
935
935
935
936
613
613
614
614
614
614
615
615
615
615
161
161
162
162
162
162
1138
1138
1138
1138
1138
1138
1138
1138
1050
1051
1188
1188
1189
1189
1189
1208
1189
1189
1189
1208
1189
1189
1189
1189
1189
1189
1216
1216
1216
1216
1216
1216
462
1315
1315
1208
1208
1208
1189
1189
1190
1208
1208
1208
1208
1208
1208
1443
1208
874
875
875
875
875
876
163
1380
1380
392
1413
