7391
1433
1177
1356
1357
1355
1362
1356
1355
1359
1356
1475
1354
762
357
1162
1172
1166
413
417
536
1329
1323
1328
1325
1331
1328
1325
1329
1332
1332
1324
1328
1217
1204
1201
1211
1168
1182
1133
1187
1184
1182
1187
1185
1187
1180
1141
1133
1152
1149
1150
1147
1149
1156
1142
1140
1151
1140
1134
1144
1134
1154
1145
1352
1348
1352
1354
1350
1200
1218
93
60
486
430
825
875
879
1218
1241
811
1228
1222
1296
1225
1224
1219
1237
1231
1229
1231
1225
1221
1218
1223
1226
1231
1226
1247
1226
1232
1228
1170
1434
1452
1439
1438
1436
1451
1422
1449
1445
1450
1448
1436
1438
1337
1337
1340
1158
1156
1319
1319
1204
1332
1325
1255
1342
1335
1336
1338
1338
1257
1336
1295
1340
1338
1336
1338
1473
1473
1295
138
59
1255
1096
1126
1102
1096
1108
1214
1110
1317
1160
61
1310
1267
1301
1366
1363
1437
1442
1446
1453
1455
1405
1411
1410
1408
1408
1406
1406
1410
1412
1411
1410
1453
1455
1454
1142
1321
1109
69
25
111
6
1342
1156
1146
1411
94
25
12
30
161
102
71
1156
1200
1340
1340
54
1319
1200
1180
1186
1188
1180
1180
1226
1222
1220
1210
1205
1206
1214
1214
1204
1257
1370
1200
1216
1317
1255
1261
1214
1206
1214
1257
1267
1138
1134
101
101
1329
1334
1334
1142
1148
1152
1142
1340
1202
1264
682
702
673
698
693
678
695
683
668
681
656
709
358
372
442
416
432
366
422
1437
1444
1481
1362
1363
1362
1363
1362
1363
1363
1363
1362
1363
1362
1363
198
332
260
822
808
798
1145
1471
1012
995
993
1046
999
1006
1067
1040
991
997
1013
1026
1358
1358
1361
1359
888
925
906
940
963
936
948
916
1166
1162
1170
1473
1420
1446
1471
398
205
1465
1469
1467
1444
1437
1435
355
312
1457
1456
518
597
545
875
1054
1048
257
1439
1420
1452
1446
1422
1428
1418
1416
1465
1466
1422
1422
1434
1418
1435
1433
1432
1446
1424
1453
1437
1430
1437
1439
1439
1422
1415
1416
1418
1426
1449
1449
1447
1434
1451
1428
1428
1445
1428
1447
1452
1435
1415
1434
1438
1436
1426
1418
1449
1449
1426
1428
1424
952
982
978
980
1189
947
1241
478
1205
1205
1215
1348
867
1127
1258
1196
661
661
941
149
127
1478
493
315
1127
1322
1221
869
603
839
1236
1131
951
1476
1476
1477
1203
661
747
1156
1145
867
953
1131
1268
646
1147
945
124
1143
1210
879
440
1196
948
1352
1170
295
150
1026
1477
477
755
293
1183
601
831
420
909
1135
937
1187
576
1180
1262
580
923
899
122
422
907
1245
1254
921
283
913
1156
1404
965
1215
919
618
1292
1254
1187
337
1201
297
1105
1413
1363
1316
1057
1070
1019
1190
1470
386
406
384
494
408
394
403
366
414
1269
1297
1297
1293
1283
1466
1361
1358
1361
1355
1357
1357
1472
1458
1453
1414
1414
1410
1414
990
989
997
1029
1052
1039
1292
1209
432
774
796
774
806
594
600
520
504
572
1179
1344
1342
1206
1217
1102
1106
492
154
72
110
97
143
68
56
99
50
127
165
101
138
82
116
92
53
1033
1071
1108
1481
1065
327
424
446
346
434
455
473
451
622
856
1350
1354
197
1086
440
198
1470
373
534
547
448
562
851
648
730
217
561
568
1166
505
402
448
403
353
409
416
412
465
770
524
558
676
398
379
374
166
840
1150
196
700
684
887
880
963
605
822
798
809
802
793
816
218
178
178
384
352
426
238
173
217
199
588
1355
1015
1065
1046
1059
1053
1058
1168
1360
1231
1239
1245
1230
1234
1245
1220
1247
1210
1158
1160
1160
67
564
548
544
537
546
556
856
861
759
580
530
299
1312
1319
640
527
531
619
605
614
600
526
510
500
485
481
585
600
810
453
353
319
282
185
761
716
716
725
706
750
725
715
764
736
744
743
728
718
488
489
435
395
445
431
803
803
265
1106
1130
1117
1106
1111
1122
1110
1110
1118
1103
1162
1176
1172
98
80
49
78
82
1344
1344
1344
1343
87
66
16
64
50
94
68
1086
1092
1084
253
337
238
190
252
245
216
246
316
270
220
228
249
201
314
320
296
86
261
854
357
321
328
605
1162
1394
1049
1055
990
1048
1002
1055
1000
1481
584
1027
993
1000
1012
1004
994
1010
1010
1056
1025
201
1088
1266
1256
1259
1263
1267
1248
1456
1328
1325
1330
1325
1328
1330
1325
1261
1265
1252
1255
1255
1263
23
1381
194
186
256
559
441
449
479
485
487
432
487
517
541
451
224
274
239
200
217
213
239
234
167
311
219
228
258
1367
1466
1462
1459
1467
1468
1464
1227
994
631
854
843
851
880
582
511
308
206
281
1224
904
890
884
925
911
918
917
913
919
941
936
930
916
896
881
883
938
921
983
885
940
886
1050
1062
1015
1064
1039
1462
1469
1462
1467
1469
1459
321
1321
1314
288
173
327
207
202
225
180
317
203
222
274
258
222
219
174
169
220
288
268
327
302
1409
1409
1404
1405
1409
1405
1412
1409
1274
1276
1295
1304
1294
1280
1295
750
430
489
769
772
601
1138
1138
1152
1122
1108
1100
1082
251
240
264
268
1168
1176
1168
1176
1176
1172
277
88
8
107
1108
1267
1420
1417
1368
1386
1376
1384
1133
442
367
348
174
238
315
409
469
1230
1230
1267
1255
1267
1222
234
535
648
542
232
260
198
337
583
626
1072
1094
327
1247
304
523
639
510
561
607
633
565
1352
431
455
1468
914
452
392
348
1360
1361
1361
944
944
1239
1224
1220
445
392
500
369
375
455
384
415
370
282
797
813
805
782
283
318
415
404
223
816
818
208
1398
1386
1465
1274
1270
1293
1291
1295
1307
1305
1300
1291
1291
1283
1291
1300
1301
1179
90
92
144
850
868
865
54
97
1160
1400
1372
1392
1388
1396
1369
1372
1404
1374
621
614
585
598
809
490
436
433
420
811
776
991
988
1020
990
1056
1249
1201
1243
1128
1102
1108
1104
1106
1130
1343
1102
1100
1110
1122
1196
1196
692
668
692
675
1191
363
1189
1190
1189
1191
1190
1190
1188
681
902
916
887
331
1102
1102
1132
1105
1127
1100
1128
1122
1132
1100
1109
1124
1104
1132
1112
1424
1218
1240
1247
1226
1257
1258
1249
1265
1258
1249
1477
1477
1477
1160
1471
1471
1470
1457
824
834
848
840
858
828
740
603
866
863
849
828
510
838
838
1354
874
840
828
535
846
220
250
812
786
918
730
712
742
354
409
408
780
787
1202
1209
1344
1198
1209
1206
1206
949
942
982
942
1153
1144
1148
1144
1142
1156
1134
696
668
689
711
727
745
744
732
739
696
669
678
680
694
677
478
471
328
265
464
272
288
602
368
379
453
449
268
1451
1437
1453
1433
1433
1450
1417
1424
1417
1426
1430
1424
1451
1416
1417
1435
1449
1444
1417
1435
1445
1417
1417
1431
1138
518
509
528
594
1466
848
827
835
825
867
452
829
634
517
603
582
745
1189
664
887
884
397
829
592
841
1189
1189
676
690
396
1196
869
641
618
615
610
830
842
878
1345
1350
1345
1345
1352
1354
1345
1346
635
523
597
634
520
558
508
1070
1214
1207
281
226
1042
1001
1008
1008
1003
999
1058
1020
1031
1008
1046
1035
1223
1247
1237
84
90
114
9
53
105
87
108
74
70
63
88
116
80
34
99
69
25
70
876
1447
260
336
1417
1417
1417
1417
1261
1267
1265
1249
1252
1259
1055
784
1407
1406
1406
1406
1409
1413
1407
1412
1413
1411
1410
1457
1405
1405
1459
1456
1455
1412
1408
1409
1406
1408
1407
1413
1409
1407
1178
1179
1178
1179
161
86
28
30
10
14
70
56
26
1209
1084
1014
1016
1024
1272
1245
1222
1247
1247
1226
1221
1230
850
358
831
877
861
837
595
549
523
601
876
561
532
603
1172
1170
1170
1178
1168
1164
1162
470
241
888
918
915
1468
1467
89
46
1317
1412
842
1319
553
1342
905
470
1321
648
1370
1338
1334
1334
1265
1341
1216
1202
989
1028
1051
1050
1115
1405
1435
937
1104
1094
1455
1378
1378
1394
1044
1026
1038
737
723
760
707
706
655
667
667
653
1172
1178
1481
624
646
596
729
702
700
724
763
743
713
718
761
721
441
391
436
754
708
746
405
429
498
371
752
768
747
388
356
28
128
120
89
1209
1208
1216
1211
1276
1202
1297
1282
1203
1299
1243
1230
1214
1202
1325
1124
1128
1106
1126
1132
1130
1110
1102
1096
1130
1106
1124
1130
1015
1063
671
1166
471
491
82
54
137
100
147
56
63
69
47
44
164
8
152
76
14
42
48
75
142
165
82
129
108
74
156
163
87
10
156
91
71
8
13
585
614
542
505
537
556
616
540
568
1230
1241
1227
1243
1231
1220
1229
1247
546
691
596
1124
1107
508
517
875
636
630
754
532
518
555
511
861
1101
1117
1115
839
878
1118
876
605
212
323
1126
1115
602
1370
1355
1303
1284
1301
1302
1287
1286
1299
1285
1297
1285
1293
1299
1268
1267
1210
1208
1204
1200
1218
10
1122
1094
1126
1127
1112
1267
1263
1261
1265
1237
1229
1220
89
148
1404
1208
1344
1217
1218
1135
1092
1094
1075
1076
1092
357
431
458
368
346
433
492
1144
1180
1186
1182
1183
1182
1179
1184
1186
1180
1182
1185
1185
255
259
294
298
244
244
300
487
489
436
427
1178
1164
2
216
184
265
185
254
241
198
218
212
188
711
748
341
716
713
737
727
370
418
482
485
390
493
63
150
126
12
1153
1133
1138
1142
1297
1278
1295
1269
1269
1304
1282
1300
1208
616
563
950
943
978
970
962
970
962
951
968
894
981
961
961
956
954
945
955
959
948
1211
1211
1072
1090
1320
1126
1114
954
916
922
902
898
894
901
934
957
927
670
916
884
1221
1223
1239
1229
1222
1230
1246
1219
1227
1230
877
1358
1357
1359
1357
1360
1359
1359
1475
1475
764
756
693
762
704
697
469
1176
1176
1179
407
377
352
491
1332
1329
1325
1325
1325
1328
1325
1333
1323
1328
1323
1324
1322
1331
1209
1205
1217
1204
1200
1170
1135
1185
1180
1184
1186
1185
1185
1187
1187
1187
1187
1187
1182
1186
1135
1134
1145
1142
1142
1138
1142
1134
1138
1134
1135
1133
1352
1204
1202
4
141
858
776
790
864
877
586
1224
1229
1226
1229
1243
1237
1245
1226
1227
1218
1231
1227
1224
1225
1227
1225
1219
1226
1225
1247
1164
1168
1306
1438
1447
1447
1451
1438
1432
1432
1450
1338
1160
1208
1344
49
1156
1317
1321
1222
1200
1202
1372
1337
1338
1338
1336
1473
1473
1457
21
1112
1265
1096
1210
1104
1102
1106
1125
1130
1158
1297
1267
1210
1459
1452
1408
1408
1414
1410
1406
1412
1459
1406
1454
1457
2
29
163
35
14
158
1158
1336
1145
1310
1127
6
120
11
98
37
55
78
1156
1182
59
1158
53
1145
1208
1330
1332
1330
1330
1323
1158
1210
1342
1342
55
1291
1185
1184
1184
1182
1180
1182
1186
1222
1220
1222
1216
1200
1214
1198
1202
1370
1200
1138
1214
1214
1261
1259
1202
1263
1214
1142
1150
1152
1156
1321
1334
1334
1336
1334
1334
1334
1135
1210
1133
1146
1255
1319
656
680
715
656
694
695
691
674
693
697
340
502
447
353
467
468
420
443
1363
1363
1362
1362
1363
1362
1363
1362
1353
303
188
222
243
293
814
814
796
774
813
769
800
1037
1018
1004
1003
988
1357
1356
1357
1359
885
935
977
980
974
1179
1416
1447
1432
1416
706
1467
1471
567
1419
1419
466
1453
1456
1457
1456
538
605
638
1445
1436
1434
1424
1434
1450
1418
1436
1448
1432
1436
1418
1428
1437
1430
1418
1430
1432
1422
1428
1469
1438
1449
1437
1418
1432
1437
1447
1420
1415
1449
1422
1430
1449
1432
1430
1437
1420
1420
1451
1420
1420
1442
1436
1416
1424
1436
1448
1421
1429
1450
1443
1445
1445
1449
1436
1424
1430
1428
1434
1426
1193
976
1190
1188
1190
952
964
1190
959
1196
1164
1038
1131
1348
927
1229
1322
1475
915
704
494
1189
1242
1260
1264
597
879
764
113
1316
1290
1296
131
1477
1105
1115
643
493
1296
141
291
1346
1348
1178
1075
1292
1034
1333
1223
646
643
854
1127
1176
126
1240
333
482
1294
953
270
460
854
112
634
127
1125
149
944
280
1348
1346
965
141
975
1147
632
1346
925
135
1127
574
468
1205
1097
903
1477
1160
1475
959
608
917
592
1431
1473
1320
1413
1411
1471
1471
1260
507
1028
678
660
688
1471
412
786
740
713
410
456
429
391
394
405
1269
1269
1287
1287
1291
1272
1295
1318
1358
1361
1356
1359
1358
1361
1358
1356
1357
1356
872
1042
1062
1039
1036
993
1047
1241
1216
806
771
792
652
641
1205
1203
1204
1201
1217
1113
1114
1178
1480
1473
451
165
145
102
93
100
46
83
48
146
123
33
131
112
162
1404
60
64
71
1064
994
1040
1048
1053
1049
1016
1032
1057
1101
1024
436
373
487
485
489
306
264
1348
1176
1170
1144
1350
1352
1346
339
1456
983
1196
1188
567
619
603
787
823
265
827
860
854
512
767
723
732
208
1172
534
506
1164
560
389
396
401
363
405
344
1140
910
684
228
295
406
214
928
1140
1162
300
658
1090
539
983
979
977
801
550
786
775
787
782
806
811
799
216
230
223
214
206
547
1356
1360
1356
1360
1019
1047
1014
582
1474
1164
1228
1236
1245
1245
1219
1243
1237
1230
1475
1160
1156
1158
12
151
1474
538
546
557
527
592
525
537
550
587
312
185
274
252
1319
1314
770
791
644
521
506
633
626
612
603
641
580
516
1160
804
772
496
412
289
332
1076
219
1088
792
730
748
731
723
433
401
403
807
792
270
1132
1111
1122
1107
1108
1110
1096
1096
1112
1106
1102
1132
1122
1298
1176
27
78
1475
1342
1344
1344
29
50
21
37
64
60
1080
1094
1094
1092
1088
182
336
279
186
187
284
202
314
218
225
189
300
226
256
1094
192
246
213
338
162
431
466
422
1073
274
333
199
1166
1051
1018
1038
1036
1063
995
1055
1031
988
1465
1467
644
1019
989
1017
1021
1024
1070
1029
1079
1090
1354
1354
1250
1261
1332
1321
1330
1323
1328
1321
1323
1323
1330
1329
1269
111
963
1255
1265
1265
1255
1257
1259
1249
1263
1265
142
103
68
72
151
80
23
36
9
588
23
1377
1386
1372
1404
1380
263
252
454
443
462
441
434
440
485
424
462
489
373
515
490
211
308
302
200
260
204
318
284
240
1467
1469
1459
1469
1466
1468
1223
1225
1012
581
825
854
569
570
561
240
175
203
244
1320
920
883
925
1188
1190
901
920
906
894
938
903
900
918
922
912
924
907
930
916
898
916
1030
1044
1025
1062
1094
326
1074
1466
1469
1172
335
1335
1319
1317
1319
1312
1321
1319
292
188
244
266
254
330
213
279
279
272
329
328
318
251
202
290
428
266
201
314
252
333
335
268
1411
1408
1412
1412
1412
1453
1407
1407
1407
1412
1297
1304
667
483
775
772
1164
1138
1106
1096
306
215
1074
177
177
189
215
320
294
288
254
1179
241
319
142
86
113
2
1172
1042
1190
525
1424
1426
1426
1392
1382
1401
1378
1381
1384
1382
1376
1372
1390
1374
1375
1380
1378
1398
1368
450
818
822
18
1236
1238
1222
1261
1257
799
1230
540
546
536
545
549
620
194
1090
536
537
539
818
1090
899
239
626
603
559
1127
341
783
814
468
810
1319
1204
1321
1316
1473
407
1249
1358
1207
1211
1207
1231
1229
1225
1228
801
203
365
398
416
377
465
350
350
378
348
821
805
386
356
407
791
816
276
297
263
472
406
443
352
367
351
818
790
812
776
1396
1467
1305
1293
1267
1281
1293
1297
1301
1300
1293
1293
1298
1306
1298
1287
1303
1287
868
599
1481
61
65
27
1482
1380
1379
1383
1384
1404
1374
591
1407
464
862
306
232
444
396
769
264
303
992
995
995
1010
1110
1130
1112
1114
1104
1124
1105
1112
1102
498
1188
657
679
671
677
669
666
1189
340
365
1189
1190
659
671
671
679
889
1104
1115
1102
1132
1126
1103
1115
1108
1102
1120
1102
1108
1122
1108
1117
1104
1113
1108
1096
1115
1103
1104
1422
1253
1262
1263
1476
1477
1471
650
846
838
874
504
739
547
545
567
510
650
259
223
221
603
759
487
765
720
720
730
748
1210
1203
1209
1162
1170
428
956
978
945
1133
1149
1151
1144
1140
1150
752
724
741
707
745
744
759
659
490
462
434
800
603
637
865
624
592
503
500
276
287
1421
1451
1433
1449
1415
1429
1429
1466
1446
1431
1426
1428
1431
1431
1431
1431
1445
1433
1431
1422
1426
1433
1444
1416
1431
1448
1148
1133
1144
531
574
508
644
554
878
582
1468
1467
834
842
825
827
848
366
839
555
844
726
736
722
720
767
662
605
836
873
1188
1196
1198
696
393
1198
1198
630
641
1354
1348
1346
1354
509
620
537
587
604
565
636
632
530
603
1017
1404
1211
221
275
1013
1054
1056
1003
1068
1018
1035
1033
1224
1226
1247
120
122
28
109
112
104
123
62
90
34
150
35
109
111
107
114
104
125
137
130
848
1431
1422
1431
1259
1263
1255
1261
1065
996
1069
998
1042
987
987
996
785
1455
1413
1413
1413
1405
1414
1409
1408
1413
1409
1414
1409
1407
1410
1407
1458
1408
1410
1405
1453
1414
1405
1176
1177
1162
1177
126
52
22
1211
1211
1057
1055
1068
1066
1046
1026
1068
1066
1044
1228
1245
1227
1236
1238
862
846
363
414
397
364
845
844
834
847
845
824
284
176
578
597
1164
1179
1164
1067
1084
281
194
922
11
118
1342
74
1211
831
1328
1319
849
1206
1144
1334
807
770
775
1144
1142
1051
1065
1053
1032
1002
529
540
854
1433
1404
1128
1369
1378
1375
1377
1367
1378
1382
528
1040
1004
736
752
737
722
728
738
663
684
695
107
1164
557
750
697
688
708
750
731
729
706
453
503
449
445
342
417
413
445
352
679
698
725
710
489
762
413
424
395
148
1280
1297
1204
1209
1288
772
768
812
813
1231
769
1126
1103
1109
1124
1130
1067
1045
1170
502
40
98
91
164
141
103
75
151
139
22
17
502
154
30
38
76
37
102
73
94
160
161
165
4
164
160
136
47
18
123
74
161
14
156
26
113
55
1198
531
642
629
565
583
534
563
524
553
570
1247
1226
1226
1219
1229
1245
1228
1241
1228
1244
1238
1239
1243
1241
1227
1229
1231
1227
1104
620
632
522
1113
237
221
407
544
531
642
559
586
763
700
340
468
369
645
1097
404
359
835
532
1109
1113
1104
1124
826
856
865
852
1149
591
760
1132
550
241
643
1115
872
752
493
1346
1396
1381
1379
1371
1380
1388
1358
1299
1305
1291
1296
1291
1297
1270
1293
1297
989
1210
1203
1206
1218
1207
1207
1096
1128
1100
474
1253
1259
1249
1263
1261
1265
1255
1260
1237
1231
138
1215
1208
1206
1342
1090
1074
1150
1185
1092
1074
1092
387
449
492
441
446
447
415
357
477
474
1133
1148
1134
1151
1142
1134
1188
1181
1180
1180
1182
1182
1183
1187
52
66
290
272
296
316
216
50
443
460
1172
1172
1166
1162
166
316
322
326
173
289
178
221
334
182
175
310
219
690
746
756
705
754
390
430
491
344
139
773
1176
1152
1299
1269
1299
1292
1284
539
976
955
975
968
907
975
881
905
903
977
928
958
1215
1215
1341
1073
1079
1076
1481
1214
1185
1457
1314
1097
900
938
898
974
896
915
919
698
904
1243
1223
1227
1222
1222
1221
1221
1243
1054
827
863
1431
1179
1356
1356
1355
1359
1359
1359
1360
1359
1358
1359
1475
1475
458
704
376
441
496
1176
1177
1329
1328
1328
1328
1323
1321
1332
1333
1328
1323
1328
1329
1330
1329
1332
1329
1330
1215
1204
1215
1217
1205
1166
1133
1140
1187
1186
1186
1135
1142
1138
1135
1145
1149
1135
1143
1133
1134
1134
1138
1140
1135
1308
1344
1348
1352
1350
1200
1274
46
426
740
202
1249
1207
1221
1219
1218
1220
1243
1223
1218
1243
1239
1229
1245
1118
1447
1447
1438
1449
1451
1445
1438
1418
1447
1424
1443
1424
1447
1432
1340
1340
1317
1328
1263
1261
1338
1336
1321
1209
1255
1373
1374
1299
1299
1338
1340
1473
1457
1126
17
1319
1128
1259
1206
1211
1208
1094
1110
1106
63
1267
1366
1267
1269
1269
1413
1433
1459
1446
1453
1457
1450
1430
1414
1405
1410
1410
1414
1412
1459
1414
1413
1414
1412
1414
1408
1457
1457
1453
1454
1454
1470
147
160
1146
1155
1336
1153
1317
1317
156
150
36
49
71
53
105
1100
1147
1406
51
92
55
1323
1291
1340
1342
1321
1319
1332
1184
1182
1180
1184
1182
1186
49
1224
1222
1224
1222
1241
1226
1228
1209
1216
1261
1151
1206
1217
1241
1257
1475
1205
1338
1263
1293
1291
1148
1332
146
1325
1339
1336
1334
1336
1336
1336
1336
1334
1334
1473
1144
1200
1204
1206
1209
1208
1208
1135
447
433
692
664
659
702
660
683
664
674
678
657
682
411
344
350
380
379
389
363
372
433
1432
253
245
245
816
790
808
796
1037
1361
1359
1355
1355
940
960
923
903
940
950
938
982
955
1162
829
1419
1449
1449
1438
760
360
847
1462
1468
1465
1443
1417
1433
1111
1471
1454
1458
1455
603
506
257
1436
1438
1435
1426
1416
1430
1453
1426
1417
1430
1439
1428
1426
1426
1460
1467
1467
1467
1438
1451
1436
1439
1445
1428
1420
1439
1443
1420
1418
1433
1416
1449
1444
1445
1416
1435
1443
1415
1433
1418
1416
1434
1443
1430
1434
1436
1443
1415
1445
1439
1417
1445
1452
1420
1436
1424
1436
1415
1418
1434
1439
1445
1437
965
980
1189
1162
1477
955
1269
1343
1217
1160
1156
1203
1196
655
800
1294
1151
1126
1105
1031
579
1477
484
755
691
1240
278
135
1348
1201
1247
1262
1203
291
301
85
139
116
607
1244
319
1242
1151
1105
1129
469
105
619
747
581
1329
697
472
99
1203
1477
921
699
959
283
480
1034
482
739
280
443
488
1322
331
1353
943
93
598
280
1153
913
450
905
1207
1135
957
1133
1477
1215
1129
325
1036
1341
1203
1456
1471
1413
1205
954
603
1055
1196
693
1168
1090
754
709
746
404
408
354
388
393
353
351
416
394
1269
1466
1459
1459
1357
1357
1360
1358
1361
1360
1360
1360
1360
1361
1358
1409
1404
1407
1408
1406
1020
1057
1039
1164
1241
1202
1198
1211
1215
479
483
432
802
804
804
800
810
802
812
606
622
645
633
504
600
862
629
576
623
1179
1208
1217
1204
1198
1132
1480
24
94
108
46
127
35
132
97
121
138
36
40
1066
1010
1124
1116
1112
478
480
1151
470
395
502
375
393
1078
433
483
1348
1348
593
1168
618
1354
605
349
506
173
508
511
976
810
983
873
554
525
688
688
680
1158
1172
1177
1177
562
972
914
431
466
371
500
370
382
354
394
403
375
410
605
389
411
298
879
890
1094
1139
1153
1190
1170
256
280
690
880
912
936
972
797
788
824
789
770
791
822
214
168
502
340
175
249
1090
966
240
863
1356
1361
1361
1355
1359
1032
1041
1063
1032
1056
1015
1481
1481
1166
1224
1239
1226
1247
1245
1218
1220
1237
1243
1234
1225
1237
1243
1237
1228
429
1158
525
521
504
1156
35
566
559
650
626
564
524
524
625
520
622
1474
312
227
228
168
293
1319
1312
1319
771
625
529
504
526
605
605
510
518
637
516
604
441
537
554
1318
1077
224
412
435
502
435
302
318
168
246
170
183
1094
710
767
720
724
708
467
359
351
418
414
366
446
820
1126
1126
1106
1114
1122
1106
1103
1117
1110
1101
1108
1106
1103
1107
78
18
1344
1344
60
106
62
34
151
42
1404
112
1090
1086
1082
1092
232
185
179
322
275
186
225
226
262
190
190
250
223
204
303
179
136
66
291
255
304
287
253
854
576
1318
1037
1031
1017
1050
1021
1053
992
1057
1037
1000
998
1053
645
1481
1027
1002
1006
1052
1020
1354
1221
1219
1265
1262
1252
1256
1257
1263
1257
1254
1256
1330
1323
1321
1323
1332
1286
1324
1278
1295
15
152
1256
1249
1260
1259
1253
130
32
143
48
16
854
1374
1370
1373
1372
1092
215
169
290
563
485
439
483
469
583
530
643
465
473
272
204
328
1366
1464
1466
1244
1226
1221
1221
992
1014
554
632
584
566
603
301
1224
941
881
896
1190
924
1193
1191
898
1188
901
890
900
937
906
917
894
892
924
923
918
920
882
888
932
926
899
986
905
1035
1058
1084
1460
1459
1469
1466
1310
227
182
167
291
292
181
211
187
277
338
332
320
258
249
262
332
264
275
287
335
1405
1411
1409
1411
1457
1455
1409
1415
1302
1308
1280
1302
702
699
669
747
689
491
785
773
771
806
802
789
1474
624
1147
1096
1122
1473
256
176
1090
297
261
1166
1178
301
257
1044
1193
1459
1457
1379
1398
1390
1373
1401
1388
1380
1371
1370
1379
1368
1388
1368
1383
1368
321
675
808
182
22
1259
1253
1228
1263
506
1024
544
508
199
227
301
581
1088
1077
1090
192
1204
1202
906
864
538
451
1200
1467
1475
1355
1359
1358
1355
942
952
1225
1244
1241
1220
1224
793
797
785
805
169
273
378
341
380
402
356
402
360
392
431
204
797
370
811
791
809
200
181
261
289
226
334
279
464
449
237
820
820
1368
1287
1293
1287
1307
1299
1297
1295
1283
1287
1303
1306
1177
1177
149
65
65
52
158
1156
1160
1374
1376
1381
1369
1375
1380
1368
603
435
431
1350
851
330
484
492
488
356
474
422
460
801
620
298
1203
1248
1223
1201
1122
1122
1130
1124
1100
1100
1102
566
504
1158
1116
1132
1130
1188
1188
1041
687
682
342
410
391
1188
1188
1196
1190
677
655
675
663
672
887
1106
1111
1110
1112
1120
1124
1100
1096
1110
1122
1130
1122
1110
1094
1115
1130
1104
1108
1287
1446
1241
1228
1205
1253
1257
1258
1203
1210
1477
1162
1158
1472
1471
1455
1455
1471
1470
541
849
826
532
828
350
510
622
847
830
1350
880
875
519
868
1352
515
826
515
292
175
796
775
726
712
741
734
793
1482
1371
1474
1202
1344
1209
1209
1164
980
956
950
1156
1134
1133
659
726
741
728
714
714
707
756
742
741
686
674
696
676
689
673
654
700
661
489
482
330
371
369
277
621
858
519
760
657
342
199
207
184
1417
1415
1448
1433
1451
1444
1419
1432
1443
1433
1445
1422
1445
1433
1451
1435
1444
1134
1154
569
586
1341
1469
1468
852
835
845
625
591
596
426
454
877
836
521
608
540
679
854
873
598
846
660
912
404
1189
1196
837
508
619
826
604
1352
1346
1350
1344
1346
1352
537
621
509
603
564
506
555
505
543
596
634
1203
1208
316
284
322
317
310
1067
1025
1048
1001
988
997
1006
1004
1014
1059
1219
1229
1229
1245
1228
102
86
145
88
129
91
89
107
28
105
76
17
10
147
145
114
93
125
99
91
104
84
45
12
33
47
1357
866
1320
1439
1417
1416
1249
1253
1255
1266
1055
990
1071
1071
1253
805
799
1413
1406
1404
1405
1408
1406
1414
1411
1407
1412
1405
1409
1455
1459
1455
1455
1407
1412
1410
1407
1410
1415
1400
1346
1346
1176
1178
1178
1178
1177
51
339
481
1214
477
479
473
449
1038
1228
1231
1220
1219
1219
829
868
866
874
339
397
388
854
843
850
861
851
843
206
537
614
612
598
610
610
562
784
557
1172
1179
1066
415
302
208
920
890
918
920
936
918
920
909
911
128
21
158
1406
757
1330
1332
1172
1216
1342
382
1454
1257
1255
1338
979
807
1138
1291
1062
1045
1063
1021
1110
605
529
507
549
1431
1443
916
1112
1392
1375
1384
1376
1390
1052
1052
658
758
703
719
714
670
711
681
698
85
1164
594
753
757
705
763
462
365
373
694
694
759
755
365
358
405
390
31
152
125
106
136
1202
1332
1362
1276
1297
1207
1217
1217
1297
809
1224
1245
1215
1217
1314
1115
1113
1128
1132
1127
1115
1100
1132
1128
1096
1103
1068
1047
682
1164
1170
1166
444
40
24
2
129
85
62
32
38
61
24
44
42
137
27
90
73
137
16
108
40
34
73
136
162
75
144
44
140
27
116
110
163
160
146
13
162
131
33
164
72
6
47
148
498
1073
1075
517
512
636
549
522
569
558
537
566
522
528
548
506
1245
1232
1243
1225
1227
1221
1241
1223
1227
1222
1230
1219
1227
1247
1234
1228
1231
1225
1239
1124
585
638
587
1111
1113
417
374
640
578
618
557
1107
1127
864
1128
1132
1110
1111
1115
1107
541
1127
553
516
631
639
608
1111
1109
786
314
507
325
203
205
560
605
631
1109
1115
862
1115
1108
536
637
617
498
734
1370
1299
1294
1291
1299
1295
1287
1284
1283
1304
1305
1306
1293
1293
1070
1205
1205
1208
1202
1208
1112
1132
1128
489
1249
1249
1259
1253
1249
1263
1259
1239
1240
1231
1238
1200
1209
1207
1215
1206
1344
1342
1342
1215
1203
1079
1092
1072
1090
1078
478
488
346
374
1135
1152
1139
1185
1187
1180
1184
1184
1182
1184
1185
1179
1481
336
294
335
336
445
1168
1166
1179
329
187
253
177
177
224
254
323
189
709
746
364
377
738
727
723
729
680
686
474
367
380
382
473
494
420
68
1168
1149
1148
1140
1138
1144
1146
1280
1299
1267
1299
1293
1278
1282
1107
569
982
948
981
973
958
972
932
944
972
968
950
963
943
914
986
979
981
947
977
80
1217
1200
1218
1209
1207
1481
1090
1090
1371
1459
1481
1109
960
926
907
912
961
939
974
970
932
886
926
922
1188
889
889
889
910
1242
1239
1247
1227
1221
1232
1230
1245
84
1177
1360
1357
1360
1360
1361
1359
1358
1356
1475
1475
1354
1475
704
429
1329
1329
1332
1330
1330
1331
1325
1323
1325
1329
1215
1217
1203
1205
1204
1339
1338
1186
1150
1185
1180
1186
1184
1180
1183
1185
1187
1186
1186
1181
1184
1185
1147
1144
1140
1139
1139
1141
1149
1147
1147
1144
1149
1133
1148
1141
1140
1350
1346
1352
1348
1354
1352
1350
1216
54
455
341
683
729
1229
1246
1222
1246
1230
1229
1224
1223
1239
1219
1239
1230
1218
1331
1172
1168
1156
1436
1447
1443
1439
1426
1424
1447
1439
1447
1439
1438
1438
1447
1449
1438
1451
1338
1340
1336
1328
1330
1325
1323
1265
1342
1376
1250
1255
1377
1200
1285
1370
1291
1336
1338
1473
1473
1453
64
1102
1112
1106
1198
1146
1140
1152
1150
1206
1286
1201
11
1276
1295
1293
1435
1420
1437
1434
1411
1410
1409
1414
1406
1408
1454
31
8
1158
1160
59
76
61
122
1158
1317
1321
100
42
154
144
26
21
1158
1180
1216
1104
1337
69
1155
1154
1150
118
1302
1253
1324
1481
1253
1340
1340
67
1332
1318
1342
1181
1184
1179
1184
1184
1182
1184
1334
1224
1224
1243
1216
1216
1214
1210
1264
1208
1203
1216
1216
1368
1263
1261
1259
1253
1255
1206
1217
1162
1142
1325
1332
1214
1335
1336
1334
1473
1261
1152
1202
1340
1141
1265
1265
672
674
742
673
686
699
668
658
654
683
684
670
663
695
705
666
662
672
670
448
364
354
447
1363
1362
1362
1362
1362
1363
1363
442
245
243
208
259
778
823
788
993
1029
999
1035
883
900
979
949
956
911
1482
1168
1435
1443
1418
1153
376
1138
878
1469
1471
1435
1431
1422
1420
1444
1470
359
764
1456
599
601
511
539
624
289
128
1428
1437
1437
1426
1443
1428
1443
1443
1430
1432
1452
1424
1418
1426
1418
1447
1424
1469
1459
1466
1466
1422
1453
1415
1450
1434
1442
1452
1416
1435
1430
1422
1434
1430
1442
1428
1439
1430
1415
1448
1428
1420
1416
1443
1452
1416
1434
1450
1439
1443
1418
1439
1448
1432
1430
1434
1445
1424
1434
1438
1432
1422
957
1189
1189
270
1170
1228
135
919
965
1201
1348
1017
1129
293
917
608
1135
1476
135
605
1225
1477
1103
1353
1335
1198
1028
1028
130
1127
443
606
625
629
928
466
650
433
1011
122
491
1155
487
957
287
758
331
1477
1346
1339
1346
456
1249
1350
282
444
631
579
319
103
1153
578
143
1030
757
315
494
1475
655
669
1350
1333
1186
623
1225
1187
1181
921
1223
755
1350
913
114
1097
915
103
951
1133
873
1151
646
953
145
1455
1472
1420
1453
1407
1471
1367
507
1049
1188
1190
676
662
690
1170
1094
1470
1471
418
355
411
360
391
408
778
1268
1290
1269
1287
1272
1290
1291
1295
1469
1464
1459
1469
1469
1360
1358
1355
1357
1356
1362
1357
1361
1357
1475
1361
872
1458
1054
1057
1003
1058
991
1016
1030
1366
562
869
1285
1291
1287
1215
1239
1200
1207
787
774
773
612
527
570
506
639
595
602
1164
1480
1480
51
100
143
84
29
110
139
1040
1034
450
470
372
491
1078
395
449
445
255
1348
1168
1176
635
1350
1348
1354
1092
528
378
968
572
544
978
201
831
398
970
872
860
648
714
767
731
712
715
712
732
732
765
1158
456
1166
843
866
586
902
882
368
367
390
447
1140
543
537
836
371
401
15
510
1090
1162
928
215
308
1092
789
882
537
556
782
801
803
823
789
804
218
187
263
294
910
214
1361
1356
1355
1355
1355
1034
1481
1357
1356
1241
1231
1237
1210
1206
1160
558
1160
38
31
550
635
570
526
560
568
854
1474
290
1077
306
192
1312
1321
1281
1307
1310
785
515
508
1160
1162
505
639
572
617
521
520
580
565
537
510
483
599
406
410
393
472
439
376
447
315
278
170
180
174
242
170
756
765
715
722
737
721
740
761
743
736
728
409
448
342
820
788
1128
1130
1130
1100
1108
1096
1128
1120
1131
1107
1124
1100
1177
1166
477
13
75
106
125
87
6
32
113
1082
1092
1092
1080
1080
234
176
196
310
205
224
200
183
238
242
184
186
299
207
236
176
196
205
242
259
304
242
26
841
376
317
321
605
1164
1166
1049
1019
1002
1053
1057
994
996
1047
991
1012
1041
1027
1248
1254
1257
1252
1259
1265
1323
1323
1329
1308
1329
1330
1272
1269
1263
1261
1265
1253
1257
110
109
67
7
1153
839
1367
1404
183
220
236
246
312
542
491
481
483
447
467
483
443
481
472
584
487
483
222
334
300
236
178
1466
1469
1467
1460
1466
1232
1223
1225
1045
508
865
1025
621
276
166
939
930
881
911
883
939
932
914
926
927
920
904
934
918
922
920
888
892
904
882
981
924
901
896
892
934
892
910
1329
1053
1050
1018
428
471
453
1094
1466
1460
1469
1466
1464
1467
1467
1196
276
1316
1321
295
304
262
281
169
188
326
262
320
207
230
179
196
330
299
174
230
337
255
211
329
1360
292
303
296
277
317
278
278
1446
1414
1413
1413
1411
1411
1454
1411
1287
1308
758
699
1168
1178
1474
633
588
581
1135
1140
1143
1104
1128
1127
1100
1113
322
258
227
263
1166
1172
1170
331
249
250
296
15
1064
1193
1432
1428
1422
1394
1392
1382
1373
1378
1376
458
793
441
16
790
1230
1218
1243
1253
1257
1253
1241
1220
1263
1082
568
636
564
537
206
183
266
170
1092
542
1092
1086
576
642
593
591
543
519
616
464
814
490
1198
386
360
954
958
945
949
964
1211
1207
1220
1241
1219
1219
325
380
368
402
418
358
396
369
382
372
792
237
211
780
784
413
807
782
778
799
333
232
251
192
236
389
808
778
780
593
1383
1390
1386
1372
1468
1287
1278
1269
1269
1303
1287
1307
1291
1269
1297
1297
1293
1270
1178
152
1474
59
1400
1377
1380
1380
1396
1398
1374
1394
593
563
635
538
1346
1348
1352
852
630
441
444
439
375
378
784
553
1016
996
1247
1239
1230
1249
1124
1126
1110
1096
167
1160
605
1188
660
677
658
664
1189
496
364
1191
1198
1196
1198
1189
1198
657
886
282
1124
1128
1104
1105
1100
1104
1126
1112
1127
1124
1094
1129
1127
1115
1128
1106
1102
1094
1404
1432
1224
1221
1267
1477
1478
1480
1480
1480
1480
1470
1455
1457
1472
849
640
830
840
838
876
830
652
705
765
344
526
545
606
548
864
845
537
836
1455
1455
874
535
560
617
1376
237
225
798
798
773
447
718
439
351
411
776
1481
1207
1218
1209
1215
1206
1205
1172
491
964
966
958
962
1154
1140
1134
1144
1140
1138
1148
735
724
745
709
721
722
768
654
654
738
738
731
716
742
757
686
1036
471
484
298
458
299
496
689
379
486
295
250
1431
1433
1451
1453
348
1421
1451
1451
1420
1437
1435
1421
1415
1437
1435
1448
1435
1146
509
556
512
537
567
617
607
1344
835
858
841
854
854
599
604
834
578
541
652
725
603
583
584
1189
844
867
860
1196
1196
692
662
681
417
454
637
638
623
1354
1352
1350
1352
1350
652
1346
579
629
644
572
527
605
638
512
607
574
587
555
1210
1203
310
235
326
297
1069
1029
1001
999
1008
997
1027
1033
1033
986
1231
1226
1241
140
67
159
109
97
25
72
149
85
128
30
132
120
124
118
147
104
51
4
1178
1416
1453
1451
1431
1415
998
1069
998
1069
987
987
803
823
813
780
1411
1415
1406
1408
1414
1411
1408
1406
1412
1412
1411
1407
1405
1457
1405
1408
1410
1405
1410
1404
1410
1415
1409
1413
1354
308
1179
1176
1176
73
32
1207
1216
431
1064
1481
1299
1220
1220
1242
1229
1245
1228
1219
837
824
452
480
480
377
856
847
869
854
844
854
338
283
642
842
837
1178
1168
1168
1170
1166
486
1059
1057
1053
251
243
338
922
923
1473
1473
1465
1465
1101
24
132
101
106
158
1342
1295
1457
346
1317
1158
1355
1340
1339
486
1222
1216
1204
886
1204
1110
1338
1253
1334
181
1059
1051
1013
1006
1030
1071
522
863
606
1130
1383
1378
1369
1374
612
1021
1041
1013
739
734
726
672
718
691
663
142
744
743
768
761
675
667
710
707
711
355
424
452
414
443
388
467
397
713
758
762
484
710
31
140
1295
1295
1298
1286
1299
1293
1211
1210
1330
1284
1274
771
788
1217
1216
1202
1215
1210
1100
1108
1096
1096
1112
1126
1112
1113
1112
1124
1078
1075
656
1190
487
479
9
9
17
123
18
148
36
56
33
11
1170
111
44
92
62
22
4
163
129
23
131
48
52
132
140
29
124
130
124
144
154
126
118
13
65
88
594
574
504
602
616
537
543
548
530
623
1239
1219
1231
1221
1227
1239
1220
1223
1246
1239
1227
1225
1243
534
434
213
1107
1118
630
502
427
516
645
519
763
1105
1120
640
503
529
850
1122
1115
1111
1127
841
504
852
547
275
523
1109
1116
1116
595
610
166
325
230
588
329
1132
860
595
1404
1376
1372
1400
1358
1287
1290
1267
1270
1295
1282
1299
1000
1001
992
1055
1343
1205
1198
1214
1211
1130
1104
1126
1132
1128
1108
1122
1126
374
1259
1261
1266
1259
1249
1264
1248
1257
1261
1266
1259
1257
1253
1221
1234
1223
1207
1198
1208
1207
1211
1218
1340
1211
1146
1143
1135
1185
1073
1072
433
355
426
401
449
485
485
456
1142
1144
1145
1155
1182
1186
1185
1186
1187
189
334
261
181
234
460
446
339
1178
1162
239
179
266
180
194
243
212
184
257
180
212
190
167
217
168
748
445
502
450
708
721
734
727
359
392
386
440
428
454
430
442
384
445
15
146
70
38
66
37
1133
1138
1144
1134
1142
1140
1146
1134
1268
1288
976
964
942
949
962
927
986
975
960
922
960
974
943
966
961
953
1079
1077
1090
1076
1092
1080
1205
1112
1100
922
885
902
952
951
966
934
930
939
941
937
885
1190
884
1221
1223
1223
1220
1237
1225
98
1436
1438
673
1340
