7391
1379
1368
1244
1297
1342
1239
1330
1348
1285
1330
370
401
1134
1138
1312
1328
1319
736
1177
1274
196
178
255
148
222
136
199
251
236
217
154
176
190
88
192
178
1260
636
938
538
1090
852
638
1134
842
439
1072
842
926
1147
956
1131
1026
509
923
711
1039
515
512
644
752
877
681
1224
1265
1209
1203
1284
72
89
932
522
1049
1145
1237
1357
1368
170
276
549
365
284
409
1470
312
325
358
331
331
356
393
418
335
1470
312
335
280
306
321
367
408
1225
1384
1413
1436
1451
1420
1455
1443
1420
1417
1443
1412
1412
1457
201
76
130
1221
1204
151
149
94
59
212
54
138
173
40
125
137
48
151
325
82
149
146
123
351
279
322
854
586
72
605
1160
585
854
744
100
1185
109
1204
617
253
303
342
125
91
1438
1417
1379
1409
1407
1409
1407
1414
1449
1406
1445
1404
1411
1388
1409
1443
1408
1445
1396
612
49
1132
572
1100
1084
561
143
1204
805
1379
926
1096
787
547
1130
890
597
1204
50
124
104
711
73
102
693
920
719
624
464
257
274
266
252
205
251
138
245
118
73
23
89
131
126
46
239
249
152
46
112
299
493
824
872
786
234
147
42
630
854
636
630
108
73
197
920
1186
810
1102
846
1180
1058
557
567
881
519
605
957
950
1069
610
656
856
1063
1415
1379
1469
373
341
281
388
395
435
321
410
300
424
263
436
462
1024
1117
740
1142
1116
684
1444
1229
1205
1229
1269
1220
1253
1470
1363
1205
1265
1363
1357
1287
1285
1267
1330
844
1056
1191
792
679
997
865
1170
1297
1216
1216
1409
1431
1381
1409
550
958
1381
1434
1422
1381
1459
1436
1001
1102
1396
1381
1284
1329
1300
1352
1338
1321
1166
1457
1438
1432
1422
1428
1404
1457
1455
1433
1417
1455
1428
1422
1449
1433
1429
1412
1445
1434
1459
1435
1420
1459
1430
1432
1426
1415
1434
1451
1408
1455
1457
1451
1406
1383
1410
1408
1432
1410
1449
1413
1383
1464
1410
1432
1420
1408
1449
1432
1443
1404
1392
1418
741
834
1132
848
1336
722
364
1154
203
225
204
1360
1354
1071
201
1350
1097
1074
1179
1473
1473
1470
1142
1184
1190
242
386
1358
1470
1300
426
1160
1140
1471
1471
1471
1469
1131
1473
1168
650
1358
1187
1075
433
1377
1179
1180
670
950
223
1355
1473
1342
1473
1358
1335
660
1014
1374
1354
1020
945
993
756
1360
1242
1016
1188
1183
1153
661
1374
1180
28
1358
974
1050
1473
1473
1104
432
218
1115
1135
952
1358
1186
1122
199
1145
1471
416
217
1131
927
166
1473
1067
1456
34
30
1255
1255
1255
1243
1398
466
484
507
1473
568
483
517
906
487
396
369
336
278
275
1404
1330
1338
1321
1359
1319
1300
1383
1405
1380
1416
1416
1414
1400
1229
1223
1230
1215
1287
1237
411
174
1010
940
982
1012
1135
1356
1360
1217
1208
1333
1355
63
70
135
1469
748
1122
1146
447
694
1038
1185
1017
481
522
652
505
1092
456
1065
1027
1176
659
866
646
1297
1331
1178
1468
1274
1040
1142
678
802
934
1054
1178
1130
1319
1293
1236
1220
904
724
663
742
1416
1094
1239
1223
1473
1218
1211
1231
454
1090
1231
1206
1239
1207
487
667
576
813
889
568
556
1143
508
1230
1263
597
455
1108
445
603
1220
1094
467
797
699
512
484
1018
1376
770
1154
458
1190
622
836
563
485
572
480
709
1473
605
690
621
638
1356
1329
1357
1243
1265
1269
1295
1344
1247
1241
356
282
363
315
357
317
321
334
238
1219
1203
1373
481
1224
1210
1254
1218
1218
1258
1261
1362
747
1328
1302
1168
55
86
1319
1276
1230
1320
1371
1330
1337
1214
1211
862
1164
1128
1238
1332
1124
880
1110
1473
1473
620
1151
693
858
523
1200
1153
728
1135
657
643
1096
875
545
527
1062
1147
907
484
917
718
568
490
1186
739
1164
1149
1196
1473
1172
1100
1128
1090
1158
1250
1361
1330
1135
916
1202
1130
1107
204
188
222
212
1072
634
882
447
524
1052
529
898
477
629
840
1181
782
562
1088
1090
598
714
1000
1111
506
851
776
511
835
996
541
1056
837
1338
862
1162
804
1378
1248
213
1263
1257
1229
1243
1245
1257
1229
1468
1362
1269
1229
1224
1219
1259
1210
1255
1222
1340
1323
824
894
227
219
97
91
167
179
1378
90
250
254
198
151
254
216
70
144
30
61
93
99
645
38
881
500
839
1291
1122
1109
1120
648
1176
941
1142
1287
1253
1122
858
1102
1092
1200
537
848
731
812
548
1146
690
1104
863
208
1404
1422
1428
1438
1436
1412
382
1222
1269
1245
1210
1261
1297
1471
1265
958
491
865
272
579
809
494
1073
741
922
977
677
1013
844
586
1201
1186
1094
1200
1196
979
1003
1200
607
1140
465
1282
1249
1272
1299
1323
1436
1457
1410
1459
1457
1400
1184
122
160
874
791
1130
1094
567
587
469
1069
811
1196
975
748
605
559
504
731
559
858
1010
679
1164
1435
1433
1451
1437
1437
1439
1453
1435
371
337
283
358
410
368
287
1186
1055
1133
1160
1015
1375
468
634
1120
1172
591
1172
1094
1187
920
854
1143
1241
1299
1306
1269
1355
1337
1094
758
715
1126
1201
274
1449
1407
27
221
35
24
915
1135
952
581
564
603
968
618
683
376
365
164
84
245
280
945
1293
1225
1228
820
918
1200
974
1286
1287
757
508
1153
174
981
1325
1325
1332
1243
1356
1295
1291
1266
761
1054
1456
1202
1135
593
987
1328
1293
1362
1104
756
300
289
270
873
560
758
1102
740
1140
572
960
939
1057
605
816
488
515
1158
1092
963
745
517
934
940
585
17
227
1446
406
415
291
339
294
386
376
401
338
354
379
363
407
436
1374
1075
748
975
1302
1296
1363
1196
790
1217
225
29
203
220
10
37
2
7
31
1334
1342
1321
1375
454
1108
1185
1102
1150
696
840
1218
1218
1205
1205
1355
53
218
296
885
638
1182
599
599
828
220
727
698
1172
1110
1232
1353
547
884
1104
884
1260
909
1265
1323
1209
1334
1229
1265
1216
520
561
890
446
916
518
732
1126
1176
1166
603
1166
1152
1160
1132
672
1156
771
1076
1135
1449
304
394
377
257
111
1469
140
60
1469
188
1376
1329
1346
1221
1409
1409
1411
1416
1222
1253
1263
1214
1280
1204
799
1325
1231
1345
1210
1204
1202
1202
1202
1222
1263
1204
1239
1239
1204
720
1115
1188
880
548
464
532
769
764
639
1170
864
700
102
183
99
104
170
142
113
1187
1176
808
1177
894
529
693
823
623
519
617
902
494
1135
767
596
877
810
473
1017
1178
886
768
775
1024
621
948
1179
992
776
1055
1190
1124
1346
804
1114
1130
964
1189
1454
1407
1466
1405
1465
1439
1466
1428
1433
1390
1408
1426
1422
1451
1421
1431
1446
1435
1454
1415
1453
1405
1417
1417
1118
1226
1252
1205
1350
1392
1257
1261
1221
1267
1361
682
1249
1374
1215
1358
1361
1178
1222
460
502
1198
445
1299
1342
1263
1257
1346
1198
1084
588
1341
1346
1354
1328
1287
1357
1214
1222
1267
1362
1253
1378
1345
1231
1226
1359
1354
1301
1217
1304
1340
1226
1225
1228
1239
176
173
943
1187
1295
1210
1299
1299
1230
1230
1278
1249
1265
1269
1287
1205
349
304
265
1162
838
1122
1138
542
1140
1176
1117
830
549
1115
1056
1158
1170
921
1474
632
604
449
1255
1445
890
911
1415
1437
1433
1435
68
183
94
184
213
106
1261
953
1433
1414
1386
1390
1446
1444
1417
1411
1405
1448
1445
1439
1411
1407
1411
1380
1433
1449
1414
1401
1416
1400
1415
1417
1460
1378
1338
1334
1324
1356
608
772
778
799
1100
942
445
614
869
176
637
1323
1342
1295
402
352
282
268
298
339
382
431
1341
693
1205
1361
1348
1350
1321
1249
1237
1323
1299
1342
1265
1342
1225
1223
1221
1354
1227
1215
1237
1150
807
780
1180
1019
1438
1433
999
489
123
1416
1214
69
1209
140
986
1187
145
1204
2
141
212
143
112
211
100
62
1217
1292
1269
1340
1186
1421
1466
1187
639
702
1438
4
8
150
1318
1359
1362
825
574
1010
1108
813
1027
1071
716
762
1223
1363
1468
1334
1340
1361
537
1079
1051
541
1474
1474
907
456
987
706
1001
878
1145
1045
584
811
447
1004
830
1166
1051
1193
673
603
821
1110
1144
1070
1127
162
111
186
166
326
156
337
395
237
320
297
376
239
42
206
1127
1122
523
1166
1122
1141
1110
771
605
773
521
710
785
1319
1245
1040
1254
1128
1128
924
763
1474
856
1474
489
580
482
474
474
562
1102
954
583
539
723
1201
498
1018
845
904
1179
509
605
492
1100
1106
883
534
676
633
483
810
1338
1291
1209
1203
1210
1226
1217
1209
1210
353
314
406
288
333
261
355
319
1224
679
1343
1158
1122
1225
1209
1361
1330
1334
1104
1253
1239
1234
1319
1348
1182
1127
1135
1246
1270
993
1376
1312
479
1139
1078
722
1348
33
1368
365
389
378
433
346
411
367
340
281
259
336
336
372
296
101
109
108
145
107
887
1182
636
1102
1140
1124
220
85
137
61
434
294
282
1106
1110
836
138
165
85
116
1031
468
468
1193
867
468
988
962
999
798
798
892
1474
632
620
616
827
672
503
917
644
1104
842
949
680
1051
704
536
1084
797
757
757
981
668
1153
1004
1170
1362
1307
845
792
512
443
504
936
1106
539
544
489
537
453
1046
978
805
770
553
539
482
568
1474
1474
593
1475
1201
1178
671
1114
1180
1104
602
642
299
326
293
295
375
368
366
406
243
1471
1241
644
1147
637
606
1156
646
1135
1029
827
1073
450
1053
1073
892
798
800
661
1130
1068
65
97
925
1198
17
1138
812
773
734
1153
790
1072
1158
1124
565
1048
678
616
1115
508
397
384
281
315
260
344
360
368
409
332
1363
1272
1338
1325
1332
1267
1342
1330
364
396
684
1186
1028
1132
921
680
1127
1342
1330
1359
554
1132
880
1127
142
255
241
243
182
138
250
223
109
128
51
142
255
181
179
189
169
131
86
1252
977
670
578
646
1057
904
1058
1014
668
1189
874
1026
635
699
986
505
673
697
706
696
496
474
705
641
975
1104
1304
75
127
864
847
1344
1090
1130
1340
1374
1359
327
319
306
367
336
292
346
259
257
262
331
333
274
391
396
386
359
316
431
302
1263
1227
431
1420
1447
1447
1437
1435
1418
1414
1418
161
1209
150
160
469
1204
256
44
312
110
64
25
14
120
64
80
277
290
1398
964
1128
65
1096
237
911
876
698
1133
1180
1204
293
303
249
1411
1405
1404
1404
1418
1413
1406
1394
1386
1416
1420
1414
892
838
443
951
598
467
1215
21
1036
61
662
695
980
747
1021
643
726
919
1204
645
1200
1215
641
1178
238
254
254
246
250
146
1215
127
84
105
584
289
1166
472
614
464
595
644
890
258
293
264
135
75
128
52
54
27
62
756
132
110
52
46
62
66
59
616
854
841
883
241
100
136
106
149
80
80
677
135
1076
713
93
102
456
1107
580
510
772
887
995
1044
820
1133
791
854
894
944
1025
1074
1049
899
341
279
402
370
382
414
394
386
1358
1127
440
786
1100
1190
740
1122
1146
1029
1053
1126
1134
1220
1249
1227
1207
1243
1270
1323
1328
1350
735
721
606
1202
596
1329
1447
1457
1436
1438
796
1438
1446
1340
1433
1466
928
1431
1409
1418
1458
1281
1321
1302
1422
1426
1424
1410
1408
1457
1430
1428
1465
1453
1408
1451
1408
1405
1404
1455
1408
1426
1426
1424
1430
1436
1436
1438
1455
1420
1422
1457
1459
1459
1434
1432
1424
1447
1432
1412
1434
1455
1436
1459
1434
1455
1433
1420
1430
1418
1408
1430
1448
1436
1449
1457
1424
1447
1455
1420
1424
1408
1386
1418
1406
1259
829
1330
1247
1245
829
840
1245
739
1344
1231
1471
1187
1359
1475
391
186
1356
1133
1148
1032
1337
433
199
1469
1357
1372
1189
1475
226
405
431
774
1346
654
1184
1314
1048
1470
1185
674
1373
1367
1329
1144
416
1360
1469
416
1373
1340
1350
1040
1350
1080
422
1050
1139
429
1189
1475
1475
1325
1067
1361
655
1191
1019
1184
668
1352
1358
1037
675
1107
991
1366
1357
1006
1105
1190
1359
1475
32
1142
947
1471
1314
1329
664
1348
678
1471
1442
1456
32
1438
1438
1435
1378
217
1292
1301
489
498
1148
1405
515
970
917
447
452
1475
1152
515
558
713
355
353
404
369
378
388
278
26
1325
1355
1282
1340
1316
1294
1319
1293
1310
1259
1253
1296
1219
1227
1370
1227
1272
298
128
1044
1162
1176
1203
1341
253
14
131
1469
1469
652
762
1242
1467
273
1142
1092
1074
806
1145
1113
555
1078
603
1047
1101
1189
1068
1176
504
852
452
537
687
1263
1224
1253
1297
1257
1249
1261
1237
1272
1180
1306
990
726
1168
780
1152
942
860
1215
1359
1266
696
1265
1259
1342
918
1438
1196
1356
1297
1203
1370
1284
443
1164
914
1207
1305
1356
1220
617
488
616
502
1225
1249
1228
1211
1223
885
830
694
1086
624
1115
487
745
449
879
1012
469
740
1196
689
1328
975
607
449
1293
632
525
505
440
1203
899
672
618
932
1146
467
458
773
964
796
1196
695
1229
1330
1332
1291
1328
1278
1237
1274
1346
1467
1267
338
430
354
291
405
308
332
404
196
1357
1221
1215
878
1185
1466
1359
1226
1226
1291
1328
1209
1218
1207
1259
962
506
996
959
118
154
574
642
1338
1225
1238
1345
1298
1339
1242
1329
1355
1217
1221
1039
1138
898
605
1475
1475
1069
816
439
1150
454
836
603
711
738
553
707
480
928
1138
1103
1026
1191
1148
697
1134
569
839
1158
1138
517
1110
1168
396
1329
903
1132
1358
136
180
178
706
528
843
1160
518
528
1094
918
553
756
1102
537
1138
1108
562
636
1162
545
932
775
787
713
998
448
1037
1017
1201
746
820
1106
557
1166
1150
995
1152
989
1124
707
1238
1332
1245
1329
1237
1291
1231
1263
1263
1218
1405
1452
1346
1336
1229
1291
1274
1223
1299
1267
1090
1106
263
328
173
123
252
232
234
148
142
200
83
72
237
240
431
760
1124
170
51
181
56
76
53
53
183
74
666
1142
1190
525
1046
1168
1151
843
1170
1318
910
18
21
15
224
22
1092
888
1156
1180
1129
1180
1133
673
1170
1182
1039
1190
1140
1297
1149
544
983
1110
529
928
567
723
1104
952
1462
1445
1418
1445
1418
1418
410
393
1217
1352
1263
1303
1207
1259
1243
845
715
872
750
227
1106
439
1127
1245
1205
981
1156
1177
1090
712
990
727
1122
1124
705
755
1189
869
746
1166
1186
1332
1291
1247
1297
1182
904
603
1449
1422
1247
1187
205
86
144
71
67
178
146
1056
481
867
746
978
1008
559
1034
1178
1064
1176
1073
1108
1100
579
807
1181
1107
730
936
765
1127
1031
937
1435
1439
1453
1439
1445
1411
1439
1437
1433
1443
295
370
1031
1074
1063
1049
1243
563
633
1126
1038
828
1082
722
721
726
835
697
1096
792
889
1356
1062
1059
1187
1053
1045
754
1227
1321
1283
1207
1424
1418
1406
224
29
24
2
12
214
35
31
33
38
33
244
16
31
22
29
987
972
1193
834
279
281
262
47
66
490
363
1267
1240
1253
1206
1231
1334
603
548
1291
1265
1218
1196
1110
684
818
1350
1324
1229
1130
1078
721
869
1106
1057
84
42
123
227
417
535
255
1234
208
156
47
327
342
405
410
444
720
1139
446
503
996
955
1109
798
928
826
910
594
441
686
916
762
534
966
1144
760
814
1202
443
716
1102
822
847
1106
826
736
14
1436
430
268
316
432
289
346
350
406
371
321
420
413
391
428
373
428
1249
1360
1467
588
1196
1096
1467
13
16
17
10
223
13
1324
1435
1160
1296
1127
801
1185
453
1164
788
677
1218
1216
1216
1348
1124
1130
1126
1158
765
1190
1188
1006
868
448
1231
873
512
549
1198
944
472
1291
911
1082
1294
1218
873
862
822
699
540
518
1100
601
697
1158
1475
1184
814
441
1150
711
447
1144
1135
1126
1140
1135
1196
924
1152
671
1094
1426
144
12
45
1359
1346
1413
1228
1249
1202
1208
1220
919
1267
1291
1314
1291
1241
1092
887
688
1336
994
1156
538
462
442
532
742
251
204
174
1225
1208
1140
998
888
674
803
993
991
630
623
618
1027
494
881
1055
854
1050
1030
827
838
1148
1185
1129
1324
1352
1330
1372
1357
788
762
1003
731
1415
1466
1433
1432
1437
1454
1462
1455
1415
1464
1410
1406
1430
1382
1456
1405
1453
1437
1444
1449
1451
1380
1405
1380
1437
1428
695
629
763
1263
1368
1261
1240
1247
1316
1362
1413
1459
1224
1241
1220
1220
1220
1105
1317
1305
1306
520
784
1198
504
614
508
1378
1208
1376
1216
1245
1362
1132
814
1342
1290
1338
1329
1222
1215
1359
1243
1276
1292
1206
1332
1283
1336
1323
1321
1264
1270
1299
669
51
920
1002
1298
1321
1325
1230
1269
1267
1295
1322
318
327
266
1164
841
584
812
860
861
1188
602
1160
872
655
565
1108
1037
1126
1475
1133
650
1475
1475
1247
1454
1455
1407
100
64
107
60
1363
1214
1361
1208
1363
1231
1208
1208
1092
1433
1454
1452
1446
1413
1453
1448
1451
1448
1448
1443
1450
1415
1398
1405
1382
1451
1449
1409
1456
1431
1439
1368
1357
1362
1353
963
502
923
179
179
1224
1239
1255
1245
1291
1240
1295
1293
1299
350
262
391
434
330
1261
1207
1102
534
537
835
1211
1214
1230
1225
1295
1103
1183
603
1325
1336
1255
1207
1241
1228
631
854
753
745
713
1170
103
761
52
1224
125
62
1219
76
626
40
488
763
1041
496
486
1261
1250
1227
1211
1219
1207
1247
1288
1456
1166
820
36
25
36
16
18
13
9
1230
1348
1355
902
854
727
506
487
1179
886
1132
1059
1186
1241
1354
1046
1050
782
910
1475
540
541
903
983
796
1146
972
938
596
542
1127
769
605
1176
537
889
1036
1066
596
1130
473
976
377
260
239
181
392
710
440
843
1117
398
1037
778
676
1176
1132
803
1325
1237
1227
684
617
1054
1475
580
1475
1476
602
1476
1476
769
592
1146
510
536
867
1196
923
913
491
896
566
903
526
445
624
492
1160
608
976
1127
622
709
559
442
1189
702
578
1372
1360
1257
1471
1260
1341
1254
1245
1263
1255
1269
301
259
329
364
333
301
369
264
402
392
420
266
304
328
422
433
330
351
536
1310
1319
1276
746
737
763
1172
1204
1232
1354
1203
1344
722
1064
743
1176
755
1332
1177
574
938
1226
1209
1180
1188
1179
1055
1224
1336
1258
1367
1148
1358
1021
1118
1203
806
1328
1164
1255
900
989
1357
24
10
35
218
23
161
1304
378
412
317
387
319
298
417
268
300
1228
245
216
87
103
53
177
1196
1130
1158
1131
90
92
107
84
135
67
109
219
353
287
1170
212
129
87
69
989
1190
645
943
861
691
491
875
1104
1133
1138
682
1112
700
935
660
863
1042
901
620
1476
620
714
995
980
642
610
1088
507
1100
1106
582
623
1113
875
1109
953
449
793
976
999
1259
1263
1227
1287
448
964
951
1166
806
1477
566
739
1138
466
607
1097
844
782
1014
1072
1065
569
546
1477
1477
854
997
1120
1329
676
322
326
297
408
439
1253
816
997
922
563
1184
723
696
667
667
847
1178
727
61
190
190
1111
1186
992
1467
241
1006
1411
204
1178
1135
732
1071
1200
1108
680
1182
912
1079
354
401
426
260
272
418
413
350
1355
1207
1312
1464
1357
1257
1255
1352
1328
1260
1336
1342
1312
1281
1338
370
412
1142
1096
565
1122
1190
1339
1378
216
253
128
184
240
132
244
207
165
148
63
232
232
206
242
222
256
47
56
154
188
175
1269
1104
1140
1158
1069
621
716
640
1092
1033
1182
671
1015
1176
643
829
887
712
621
1148
206
1361
1227
1266
1342
70
359
453
1185
694
723
244
168
357
428
292
280
350
384
284
299
318
333
315
1185
1424
1447
1412
1443
1435
1443
1418
1417
1445
1417
1428
1410
1439
1418
124
152
91
113
73
68
48
49
48
124
50
21
4
314
310
91
147
412
1443
1116
926
71
604
74
108
55
249
856
507
588
603
280
120
282
288
303
1421
1450
1404
1417
1431
1414
1410
1412
1413
1411
1414
1416
1413
1453
1406
1411
1407
1409
1414
1398
1416
1386
1445
1411
1419
1445
1388
939
488
997
977
150
1181
116
101
1200
775
485
743
1202
511
1094
521
1032
1392
605
900
604
152
340
149
151
60
49
141
632
637
597
626
630
526
868
312
260
297
258
272
291
295
67
249
60
656
144
55
348
48
237
186
173
85
310
314
1100
236
1172
250
167
141
159
64
152
46
74
122
90
353
629
126
105
92
107
59
63
1041
1077
1113
901
525
1000
1177
510
694
472
1055
771
672
545
508
914
601
603
879
583
965
959
905
1406
547
789
866
1108
944
1055
866
1287
1318
1340
1350
1310
547
837
1144
663
745
846
583
581
1133
1216
1215
1407
1457
1457
1447
1035
747
1214
1430
1434
1446
1457
1450
1454
1189
1409
1415
1414
1413
1337
1207
837
1426
1445
1465
1438
1453
1410
1436
1408
1465
1432
1422
1406
1404
1408
1422
1459
1415
1438
1405
1466
1432
1430
1457
1384
1432
1412
1449
1434
1432
1452
1453
1430
1466
1445
1459
1422
1426
1453
1431
1447
1455
1410
1430
1424
1412
1410
1447
1449
1455
1432
1415
1410
1410
1415
1406
1426
1412
1434
1459
1412
1430
1424
1422
974
750
1294
1205
1361
1187
431
203
213
1366
678
192
1328
1112
1178
429
1128
1188
1477
1322
1471
1471
1111
1090
1111
435
734
1186
1375
190
436
203
201
1193
1075
1145
662
683
1357
430
962
427
1052
652
1188
1004
979
1318
1477
1358
224
1134
1019
1477
215
1471
1477
1020
1172
659
658
1471
979
1128
657
671
1066
1469
1477
1356
1115
658
1471
1034
1477
1118
1057
1115
205
1000
1183
1124
1471
192
771
1477
1363
211
219
1460
1466
1452
196
808
1336
1247
1329
1024
1302
892
922
585
768
489
716
1096
546
827
708
1134
601
633
398
1451
1408
1404
1319
1215
1350
1317
1338
1299
1227
1291
1361
1336
1330
1454
1411
1415
1413
1424
1232
1249
1265
1266
341
139
68
185
177
1184
1166
1164
1140
1156
1152
1190
1170
1016
1147
1346
1209
1203
1209
1256
1356
1352
1373
1354
1320
1350
238
1469
69
160
1146
1467
787
875
1172
460
1149
854
1133
1151
1177
818
1106
576
1262
1265
1128
1133
1177
854
864
1126
1190
1104
834
1152
529
1132
1182
1162
1215
1211
1291
1317
1295
1259
1336
840
1222
558
1222
1205
970
760
725
1356
1218
1214
1115
917
916
1211
1241
1360
1356
1218
503
493
900
1020
1080
556
639
556
1100
445
509
1094
544
1348
506
759
826
1332
1151
460
670
1134
1229
1317
686
752
802
561
702
689
829
458
538
918
496
993
479
956
578
473
1198
918
554
949
570
1176
941
1354
1252
1319
1366
1320
1361
1348
1340
1256
1247
1321
1295
1468
1468
1267
272
334
356
424
316
263
329
422
407
434
373
426
310
430
371
1128
1215
1244
1239
1222
1210
828
1224
1224
1305
1336
1226
1259
1230
1264
1229
1323
1466
957
724
775
506
1034
145
156
127
1092
1287
1287
1214
1239
1368
1297
1219
1217
1317
1221
1343
1190
1323
1207
163
1028
1198
562
998
535
953
1477
1477
466
876
502
582
493
474
486
487
500
471
1030
1096
978
605
600
744
1124
442
1156
1168
631
1179
1039
1144
1132
1477
737
1141
1158
493
1026
1127
1158
918
165
163
528
1025
528
884
979
537
1182
1012
535
1090
1092
752
1090
601
1106
1052
743
524
708
453
1018
564
1090
1108
1196
543
1132
531
1103
441
1132
898
1030
1178
847
1334
1338
225
1247
1317
1283
1247
1287
1249
1231
1223
1245
1218
1221
1257
1355
1467
1295
1219
1245
1293
1261
320
418
405
162
1469
207
221
87
108
87
1469
1469
256
88
230
252
236
412
156
436
337
806
658
221
170
226
70
98
650
790
813
470
692
1328
27
6
28
18
764
1200
858
801
1303
1189
1160
994
1160
1323
1295
1374
650
1152
1148
592
1187
199
1420
1412
418
417
395
395
1216
1255
1257
1287
1360
1210
1472
1172
270
790
508
1082
1295
772
1299
1287
1134
1334
1179
1042
913
809
1144
1149
1166
734
1151
1055
1198
1160
550
483
604
1158
799
482
1013
1225
1321
1162
1434
1428
1430
1417
130
849
530
594
657
1151
1178
494
598
1014
973
1094
664
1090
605
1140
1142
986
981
1127
1115
1443
1435
1415
1437
1409
1409
1437
1435
429
283
360
414
742
1049
1041
1064
1040
1051
1113
1130
825
666
1182
1155
1466
1374
1142
582
865
1467
1110
585
926
652
922
1227
1330
1077
818
1323
1283
1411
1414
14
218
192
12
189
222
9
9
31
9
29
198
22
28
8
992
754
1142
537
851
52
154
328
118
1293
1293
1269
1220
603
645
1031
1354
916
869
491
489
104
82
1106
1323
1290
1125
86
1431
403
1360
1293
1323
1361
441
950
306
344
276
289
284
602
451
825
480
615
682
972
1134
927
600
1113
451
455
608
1044
822
635
451
774
691
504
593
595
729
1006
441
968
808
1134
1151
925
576
848
22
408
298
428
357
367
308
296
303
376
359
397
1343
1348
961
516
532
491
958
1204
1352
21
4
37
11
36
35
6
1344
1176
944
1262
1241
900
1104
682
1184
839
1127
1129
986
445
1336
998
184
15
275
226
1094
1122
1144
1172
1170
764
692
1214
1202
1221
991
1122
927
1257
1218
1344
1097
912
1170
526
861
1214
1211
1348
1208
1198
813
570
477
631
478
689
1477
1156
1059
1124
1172
582
555
846
1180
911
952
738
741
1168
901
465
1200
369
1450
354
292
228
98
71
189
47
51
1372
1209
1231
1407
1384
1411
1409
1411
1388
1206
1291
1210
1265
1206
1096
1325
1268
1219
1261
1224
1245
1352
1237
1228
1222
1303
1206
1253
1109
591
1144
988
531
491
1021
1012
578
1467
32
1466
102
111
175
184
1247
626
1164
1067
610
508
980
961
520
768
605
1196
705
919
824
1116
868
1108
555
922
785
769
808
483
805
882
654
942
954
1063
970
1153
1370
1352
1243
1008
1164
736
728
841
729
1431
1431
1438
1431
1452
1429
1417
1410
1424
1444
1445
1430
1428
1442
1380
1417
1431
729
1133
1205
1372
24
1415
1439
1346
1321
1329
1308
1325
1357
932
1183
1363
1220
1217
1342
1228
1090
1344
1355
1357
1216
460
1013
447
1228
1356
1264
1354
1355
1206
1378
1222
1377
1248
1344
1344
1253
1217
1258
1261
1375
1226
1214
1293
1224
1211
1340
1300
253
242
963
725
920
1108
1084
1362
1336
1290
1210
1210
1230
1287
1265
1230
1241
338
327
318
325
265
854
1138
1114
916
1015
1164
1187
1135
1155
1172
580
715
866
1189
1139
1025
1002
1477
656
1146
1124
1477
591
743
805
860
1308
1243
217
1436
1433
1432
181
92
90
38
1255
1208
1363
1355
129
593
517
1452
1451
1394
1439
1406
1416
1451
1450
1446
1453
1453
1437
1437
1416
1435
1439
1437
1451
1443
1382
1421
1417
215
1360
1322
1340
1329
1339
1308
1335
1080
1105
867
140
1160
1138
1065
1066
1360
287
274
268
420
341
1252
1237
1307
1216
980
688
603
1356
1211
1259
1346
1241
1208
1048
1225
1340
1340
1333
1285
1344
1243
896
1299
1211
1223
1223
960
1180
726
765
1104
1003
1166
758
1124
807
1078
1478
994
511
686
1396
732
252
106
1216
241
132
556
1406
44
106
78
554
490
469
275
1254
1243
1239
1269
741
1362
1256
1244
1221
1405
1434
1107
1170
121
30
205
8
169
1335
1362
496
1016
1017
523
712
491
914
770
1096
788
1203
1268
1478
1186
1057
1027
1162
906
1090
841
803
1184
996
557
778
1108
471
583
965
729
1032
966
54
230
263
360
276
34
169
202
404
485
326
332
164
17
163
1144
708
1179
1164
1024
744
954
1128
1134
793
811
1355
1259
443
1216
1253
1203
648
705
555
1082
658
1038
487
797
1110
443
987
446
549
1127
918
885
540
982
1102
780
574
783
500
655
452
470
1150
483
1092
1110
1016
807
598
542
1112
732
527
882
634
569
550
467
622
734
1200
674
1058
1211
1226
1296
1210
1222
1207
1223
1217
1202
1202
1243
1226
1241
277
275
301
413
398
357
306
427
407
261
384
402
415
288
358
360
422
413
379
1160
1325
1319
1370
1076
1132
774
689
1299
1348
1209
1228
1153
963
1334
930
922
1162
1138
1104
1066
1228
1179
1203
1224
1368
1344
1321
1045
1030
541
878
1287
1003
506
454
1265
1334
1354
1185
1147
1268
1168
1182
1248
1350
1369
587
1172
27
365
416
339
290
300
290
401
392
432
426
393
302
329
1267
161
196
194
131
238
1126
906
1143
788
228
158
126
105
101
129
44
355
397
292
372
75
161
215
185
99
208
163
85
169
177
831
831
831
876
662
1138
1138
957
1100
1164
1054
970
959
1106
471
823
823
502
850
930
677
1468
955
1088
1188
951
1142
1332
1227
1239
940
646
811
710
588
543
786
1128
558
455
1046
772
990
1010
516
566
516
1162
1186
1480
983
949
482
1480
1480
1480
557
1232
1156
629
640
483
623
702
297
320
323
328
320
373
377
945
1293
531
835
1109
839
1088
504
537
1198
606
834
803
680
1129
801
447
699
809
937
1200
1029
10
67
126
180
182
1468
776
478
244
1416
1467
1134
812
1168
679
1113
661
1180
725
1198
1092
546
1162
804
1258
450
919
1200
1053
433
337
348
344
375
302
344
264
1112
1367
1301
1286
1328
1282
1334
1334
1244
1241
380
364
435
380
999
1028
200
214
256
246
234
206
239
113
240
214
168
211
224
245
54
198
208
1106
825
1036
1107
631
1112
640
1154
1181
1096
579
874
1190
708
983
1001
842
634
1015
1077
1070
1111
1105
1156
1097
700
896
1198
906
1201
1209
1344
1219
1205
1220
1219
1224
40
450
1102
1156
752
1201
335
359
331
379
414
315
433
403
314
338
340
372
358
220
1249
1221
1204
1420
1420
1453
1426
1443
1443
1445
1443
1457
1443
1431
1401
1384
1447
1431
1435
213
132
143
76
234
198
230
65
147
2
88
65
38
137
265
6
259
167
78
379
351
1413
522
754
1126
728
66
927
1112
913
907
187
414
194
1096
352
278
291
1419
1419
1454
1417
1409
1390
1435
1413
1451
1396
1404
543
605
1215
1219
619
1201
586
945
1221
59
110
770
1198
566
660
1133
1090
1228
612
143
441
140
625
1158
724
445
1021
397
116
182
1467
112
122
139
1196
40
228
116
959
614
641
618
464
498
642
129
308
299
295
82
98
243
15
15
28
201
243
63
25
50
56
56
72
82
92
194
1206
612
232
246
150
141
118
137
283
50
823
68
187
1134
114
98
773
789
1033
599
1140
1068
537
510
1196
905
1062
563
710
877
1145
510
592
619
510
1036
916
691
955
317
368
398
339
366
374
432
989
786
445
525
1115
940
1068
1140
1220
1209
1247
1205
698
1144
718
1480
1145
1480
1467
1216
1444
1447
1447
1166
718
569
1297
1422
1407
1383
1405
1428
1434
1459
1407
872
1115
1442
1356
1338
1280
1253
1246
1126
1142
1410
1465
1465
1410
1428
1430
1459
1422
1426
1406
1445
1426
1417
1412
1430
1432
1406
1455
1426
1412
1420
1424
1466
1405
1436
1428
1448
1434
1434
1407
1420
1438
1430
1412
1448
1426
1457
1420
1449
1439
1418
1459
1453
1455
1434
1449
1424
1412
1422
1447
1436
1455
1439
1426
1394
1428
1434
1424
1447
1388
1390
1392
1126
1334
1319
1144
1257
352
1053
1103
1133
228
1371
1298
1182
1035
1018
1331
1019
1358
1057
1316
389
1361
1155
1362
207
1363
1360
1286
1111
1191
662
1472
1285
1287
1178
1188
1374
663
1280
1185
982
1480
1480
1182
1481
942
883
1472
1372
223
1372
1481
219
1358
1188
1156
1314
1358
1481
1079
1147
1371
1143
1371
1105
1179
1184
1354
1111
1115
1350
12
1170
1343
393
1168
1188
1004
431
941
1370
1126
1481
1133
674
1481
1178
1115
1342
1187
1472
1188
1111
1466
1450
1456
1452
1444
1458
207
1246
1265
1267
1216
894
487
776
1216
1100
1414
1413
527
925
594
793
863
530
1102
404
389
355
277
374
407
390
276
1428
1424
1406
1426
1436
1325
1321
1352
1304
1336
1319
1334
1306
1317
1282
1280
1286
1464
1257
1223
1205
1297
1219
1269
1369
194
1267
1338
261
311
316
186
294
104
175
1182
709
1179
1369
1262
1219
1220
1346
1334
1362
1229
1467
1469
450
879
846
856
831
791
991
1241
1328
1122
850
1144
1101
1112
605
1094
1160
889
1249
1355
1359
1325
1255
1310
1219
486
1211
1144
504
1362
1290
704
1101
1205
449
1198
1203
1253
1206
581
640
1202
592
1105
902
486
481
530
1204
988
1263
1263
1236
1328
767
491
995
850
570
915
1112
1225
1226
1228
686
1053
730
1214
462
1292
1189
607
730
487
898
759
1221
1240
818
444
506
884
458
523
473
700
941
902
633
768
1295
1317
1346
1370
1354
1293
1469
1207
1255
330
375
424
235
236
1377
1221
1473
918
903
1230
1236
1263
1239
1207
1293
1346
1467
737
909
1187
448
158
75
277
374
166
1110
1253
1211
1206
1206
1259
1350
1352
1329
1219
1209
1361
1223
1237
1215
1177
1323
470
490
532
1134
758
864
939
1481
1481
480
603
553
1112
478
669
485
709
508
1160
599
1198
1189
1108
1080
544
447
653
1185
641
977
1092
1124
1109
718
1100
477
1112
1130
1133
1185
1132
755
1354
1376
1153
1086
737
1149
655
1062
789
920
1020
912
560
560
1055
782
881
537
521
792
603
690
456
540
1100
1100
539
564
657
767
784
524
500
581
1109
765
1059
948
730
1332
784
774
784
1376
1249
1269
1234
1231
1229
1223
1218
1223
1214
1298
1217
1259
1332
1249
1470
215
93
166
89
93
113
165
200
322
242
112
392
335
89
110
182
101
55
715
1184
1200
920
1124
1253
18
225
526
504
731
836
851
1299
1186
1047
1141
1177
1149
1180
1184
1186
1187
1348
1047
1142
527
961
1100
888
537
1408
1418
1459
1438
1424
411
384
411
1261
1257
1366
1293
1325
899
440
1126
759
584
659
638
965
1168
744
1107
1057
1162
1102
619
1130
1178
1164
747
1154
1033
778
483
1160
1013
1177
1186
738
1142
1128
180
1297
1293
1297
1034
1029
1185
923
1405
1451
1422
1428
1408
1459
1436
1359
661
162
136
659
955
1096
976
519
594
948
1058
800
509
1110
703
485
1101
1125
531
972
663
901
739
960
1332
1002
838
600
1118
667
1179
664
1407
1447
1458
1460
1443
1431
1437
1435
377
317
876
669
1216
1259
1466
1344
1348
1331
1166
565
669
1142
1122
1124
738
1149
1104
930
587
854
1241
1328
1262
1155
845
1067
1182
905
1321
1295
1404
1404
1428
226
202
16
37
11
23
1138
543
1188
934
1115
346
356
288
176
44
66
270
262
124
1117
1269
1301
1228
1255
537
455
1112
506
1110
1256
478
916
1473
1336
1329
1358
1220
1217
1376
1188
712
810
42
524
854
1138
990
1106
692
1076
168
164
293
301
374
366
654
802
951
728
570
1108
600
954
564
1086
1108
874
828
824
922
465
444
591
755
554
670
643
886
860
1202
956
994
597
1103
1340
33
26
216
23
1429
334
380
348
435
319
294
389
296
308
318
329
323
390
1339
1148
1467
1103
26
34
11
13
202
211
4
221
1319
1239
1338
1305
1299
1323
1321
1307
1352
1102
1185
1158
956
962
510
1299
1220
1203
434
332
390
187
1162
1134
1128
605
1172
1360
1344
1228
472
507
789
567
1270
930
943
1257
1325
1356
1246
1219
1332
761
443
760
1110
1113
558
1481
518
1176
1180
1179
1180
1164
925
1188
1184
1033
1140
882
690
502
1130
1418
284
409
130
1368
1333
1357
1348
1344
1346
1411
1416
1407
1407
1224
1284
1214
1222
1217
1278
1222
1206
479
530
936
1297
1206
1370
1261
1261
1226
1229
1214
1413
1416
1208
1223
1230
1317
8
801
603
1041
1179
1065
1109
520
793
988
707
843
1468
158
147
164
99
94
167
1243
1185
982
736
759
1132
1028
550
610
848
489
704
1094
802
470
852
534
519
1198
595
505
510
1008
1079
861
1047
912
1052
1064
1360
1168
961
511
1177
673
1200
809
905
1105
1048
862
1442
1437
1415
1452
767
1380
1382
1458
1462
1419
1439
1431
1433
1450
1450
1432
1380
754
1238
1245
1230
1243
1247
1352
1355
30
1205
1333
1257
1338
1332
1331
1308
1202
1357
1221
1206
688
1340
1278
1370
1239
1226
1360
1231
1354
1360
922
452
536
880
675
1352
1330
1234
1211
1221
1236
1203
1249
1226
1363
1321
1322
1359
1362
1255
1363
1323
1226
1350
1358
1345
1229
240
200
948
1103
750
1150
1319
1297
1210
1210
1247
1210
1338
1230
1267
1230
310
325
342
1134
635
814
822
1126
1162
635
675
1170
1184
785
1168
1053
1127
978
992
1144
725
966
1355
1451
1447
1380
1466
1448
1231
1363
1208
1369
1208
1208
444
883
1115
830
1462
1433
1416
1400
1413
1446
1404
1394
1414
1416
1439
1444
1453
1414
1449
1404
1414
1437
1409
1453
1414
1456
1460
1444
1261
1179
1350
1346
1316
1092
913
177
71
1035
1276
1467
283
302
266
431
290
261
352
403
1227
1225
1151
1035
1063
966
1303
1225
1335
1363
1222
1376
1141
1011
1332
1295
1261
1248
1203
1352
1211
1231
1189
1247
1239
1227
441
879
921
1158
1150
1407
1439
1465
1431
1147
1096
1090
1038
1162
888
130
264
1406
844
103
1208
258
127
139
648
258
78
120
451
125
595
120
74
122
1200
1215
1231
1359
1307
1264
1223
1259
1294
1367
1156
37
11
32
36
1320
1377
1344
1359
681
1170
442
545
485
681
764
1162
799
968
714
1481
537
1481
907
915
852
865
681
1103
502
974
492
1008
688
914
1042
683
1190
720
1106
1189
279
334
433
394
304
322
188
251
246
371
390
921
1092
34
114
69
175
230
692
1108
720
1168
1128
1130
1025
1188
1112
936
1077
683
462
1227
668
837
750
850
706
1113
960
1481
796
576
910
924
1295
886
625
1086
714
924
1092
446
721
804
877
522
561
1112
949
920
937
878
953
664
608
676
1070
1107
622
800
1350
1288
1241
1363
1297
1336
1206
1207
1245
1257
340
403
257
366
380
342
388
415
420
330
417
424
429
1242
1126
849
791
1120
1317
1202
1166
1269
1353
1361
968
656
660
1334
863
1225
1243
1162
1187
1094
937
1228
1217
1348
1225
1001
1217
1190
1145
1042
1319
1372
724
1184
849
1352
1147
1189
1268
1342
214
6
25
202
1267
378
433
265
408
278
388
363
1218
1206
1208
1259
168
174
78
158
146
1168
1128
1133
1156
1135
1168
1096
1149
1112
94
88
26
114
114
185
180
103
145
187
97
111
105
1470
372
415
185
49
160
183
189
139
80
162
471
965
648
851
675
826
1116
950
1002
761
1102
654
1000
1481
626
521
1481
1032
612
698
707
885
637
606
938
1057
538
896
1053
1070
1176
1330
1267
1115
695
934
492
854
787
449
542
587
483
466
441
586
873
449
1044
1112
868
939
800
502
485
516
947
484
548
1481
1481
1481
1482
1482
546
1482
1114
1184
560
797
624
958
1182
1096
915
625
449
489
625
619
351
375
477
1071
1105
1140
957
1189
742
780
1112
1156
785
572
849
485
1164
1135
1122
1156
639
1144
1094
1110
148
1128
1140
748
691
443
1172
1178
1170
704
757
943
1172
816
537
1245
479
287
382
409
270
348
394
1075
1413
1420
498
97
