7391
1454
1348
1269
1210
1316
1265
1331
1330
1282
1336
376
411
1124
1120
1325
1291
1332
440
997
1295
245
10
239
51
168
141
188
211
246
255
170
156
164
103
165
35
1255
493
1076
839
988
1164
617
778
1109
608
1153
877
732
1033
1108
1114
1040
444
1160
764
1032
486
491
644
771
913
890
1209
1328
1257
1218
1246
55
18
1065
462
661
674
1223
1328
1371
22
270
511
358
284
414
1470
329
432
358
331
333
342
401
382
327
1470
331
327
308
306
329
359
408
1223
1420
1420
1432
1411
1388
1437
1443
1414
1416
1443
1414
1413
1455
215
28
147
1255
1204
49
124
84
135
207
68
142
173
104
128
120
53
120
335
88
82
144
144
394
277
292
782
1201
55
703
1128
714
517
1164
90
507
93
1204
727
27
288
332
144
86
1453
1413
1379
1421
1415
1409
1405
1392
1447
1406
1445
1406
1413
1386
1409
1443
1408
1412
1404
455
70
659
580
926
1160
607
114
1204
934
1379
706
958
790
630
1156
1176
545
1204
84
112
88
620
60
98
844
493
468
593
464
312
302
290
238
182
230
97
234
69
70
8
146
124
138
40
250
236
136
69
148
303
606
1162
1049
658
240
88
73
612
1102
603
493
90
69
7
618
656
912
1105
1105
996
1135
491
537
447
588
911
858
1116
1010
529
1015
920
959
1421
1379
1469
371
332
280
432
389
433
330
398
293
424
263
429
462
1187
1189
851
1153
932
1045
1450
1219
1207
1225
1253
1227
1293
1470
1375
1243
1247
1361
1329
1269
1293
1253
1304
597
1177
1097
792
1054
902
889
732
1267
1223
1216
1409
1436
1381
1417
789
1003
1381
1439
1422
1466
1459
1459
959
995
1406
1381
1241
1335
1274
1312
1291
1283
1185
1449
1436
1432
1453
1430
1406
1428
1430
1415
1420
1457
1428
1430
1449
1446
1409
1416
1413
1434
1422
1422
1411
1436
1432
1432
1453
1431
1434
1432
1416
1453
1424
1455
1414
1383
1404
1413
1434
1418
1436
1416
1383
1383
1426
1430
1418
1408
1432
1455
1438
1394
1404
1392
791
854
1132
829
1330
683
326
1058
198
219
204
1374
1368
1182
206
1348
1025
1111
1158
1473
1473
1470
1048
940
1177
192
389
1354
1470
1297
439
1188
960
1471
1471
1471
1469
1006
1473
1164
1070
1344
1188
1188
431
1344
1187
1184
1053
1031
163
1352
1473
1355
1473
1360
1360
1024
679
1358
1361
684
1107
1140
1110
1358
1244
1127
1120
1190
1008
684
1372
1018
174
1358
994
1055
1473
1473
1096
431
215
1115
1135
1044
1296
1179
1076
184
672
1471
416
198
1027
1024
227
1473
1066
1452
186
91
1261
1263
1267
1257
1400
466
526
506
1473
568
534
534
948
537
372
355
328
310
277
1426
1323
1332
1338
1362
1243
1269
1466
1417
1409
1417
1408
1386
1410
1225
1219
1227
1249
1301
1299
418
59
624
988
950
1176
1035
1346
1356
1241
1208
1352
1359
14
47
67
1469
576
1132
1160
1200
690
1133
1062
1143
724
518
1018
508
1105
549
1068
1026
1188
1129
758
632
1293
1362
1055
1468
1291
1126
951
1147
966
1164
1145
1106
890
1317
1272
1221
1214
473
732
659
537
1412
877
1297
1221
1473
1220
1217
1218
454
892
1221
1228
1241
1215
599
1037
449
978
750
511
442
1074
560
1228
1217
549
559
773
541
448
1204
765
453
441
541
553
537
1047
1328
814
1134
458
1179
473
1104
603
619
536
506
987
1473
1178
555
746
531
1358
1348
1353
1263
1253
1255
1295
1328
1257
1210
375
264
350
301
367
334
299
339
241
1231
1230
1377
540
1226
1210
1203
1218
1210
1372
1259
1358
863
1332
1287
1094
68
104
1340
1241
1225
1325
1363
1338
1376
1222
1220
755
1116
1148
1298
1307
1146
849
851
1473
1473
540
1024
1096
569
460
535
1133
635
1182
921
903
898
527
544
544
1040
1155
874
447
745
739
502
454
1020
525
1172
949
708
1473
1128
1140
1153
810
1030
1272
1362
1260
1180
869
1202
840
1130
224
31
154
179
986
616
854
632
524
747
509
1092
491
731
1094
1139
1094
471
747
726
456
775
664
1152
547
759
693
691
1094
1126
930
767
872
1340
1176
657
1111
1356
1232
206
1257
1221
1218
1247
1203
1245
1218
1469
1368
1247
1219
1222
1220
1237
1222
1239
1205
1330
1294
876
710
211
221
132
150
14
36
1438
127
217
232
219
149
253
217
73
78
190
53
75
51
702
204
872
630
974
1299
1125
1150
983
1063
1150
970
1158
1299
1265
1122
889
934
934
626
770
799
1084
808
530
978
845
778
976
165
1404
1422
1426
1459
1422
1418
430
1217
1352
1269
1228
1245
1295
1471
1236
1186
1198
557
276
1200
742
512
1029
903
916
950
983
1127
1096
875
572
1142
1130
502
708
1100
1063
580
1201
1160
1200
1272
1265
1304
1293
1287
1426
1432
1413
1431
1449
1420
997
109
34
1176
549
1055
729
640
698
603
976
760
582
1075
686
841
690
524
1200
1200
987
963
1059
994
1450
1460
1409
1450
1435
1417
1443
1437
378
376
297
368
403
360
291
1072
1148
673
1172
1190
1354
468
518
1079
906
537
567
1086
1126
824
840
678
1259
1293
1238
1298
1360
1352
1135
1168
1115
1168
774
310
1424
1460
29
227
23
182
994
1127
949
1100
564
800
661
854
1006
346
352
61
46
256
264
918
1248
1226
1224
842
688
603
1172
1329
1319
920
478
1186
113
1014
1332
1342
1340
1287
1342
1330
1299
1244
1149
1180
1405
798
1050
608
957
1323
1321
1378
945
784
330
296
260
1134
504
740
1160
825
1128
482
848
1108
958
455
938
490
596
936
934
1112
588
494
708
782
768
162
225
1433
390
397
282
321
287
410
354
402
322
328
355
375
396
323
1367
836
910
679
1301
1290
1348
471
923
1229
222
2
169
225
199
13
17
226
23
1276
1343
1333
1372
448
1049
1185
1168
806
523
938
1216
1228
1257
1203
1363
18
199
289
1108
449
1144
559
605
1144
221
838
854
1096
998
1262
1350
916
1198
904
1106
1252
956
1278
1297
1209
1299
1225
1261
1221
1202
489
919
462
1016
518
1200
1170
1128
790
509
1158
1178
1132
1135
1172
1151
742
1102
1017
1432
302
404
360
261
87
1469
32
84
1469
160
1358
1345
1361
1205
1419
1415
1390
1412
1224
1209
1261
1229
1307
1206
921
1336
1211
1348
1210
1204
1202
1202
1202
1222
1257
1204
1263
1224
1204
730
1108
1054
1190
603
454
710
915
846
538
976
808
818
80
176
174
49
183
89
111
868
1187
630
999
831
502
1168
823
462
538
596
791
1196
1071
632
1092
687
811
547
1100
1179
700
629
692
1090
1196
680
650
1144
1112
668
1100
1064
1357
1109
979
944
1013
683
1456
1444
1405
1405
1407
1453
1382
1445
1433
1392
1408
1451
1438
1449
1433
1431
1456
1431
1456
1458
1430
1431
1454
1407
1190
1209
1260
1217
1353
1414
1239
1231
1225
1261
1350
667
1209
1356
1211
1360
1378
937
1231
544
1196
469
584
1269
1346
1229
1229
1341
1102
920
487
1338
1361
1344
1340
1286
1329
1214
1214
1239
1355
1300
1359
1356
1226
1222
1376
1348
1336
1211
1297
1336
1218
1222
1229
1259
30
187
1186
1182
1321
1210
1287
1255
1230
1230
1296
1245
1247
1291
1297
1207
433
287
301
1168
757
1166
1094
572
1124
1127
1094
770
541
545
1052
1041
1172
883
1474
583
1104
587
1267
1445
790
813
1460
1454
1442
1464
75
34
102
158
223
106
1243
1108
1407
1410
1445
1410
1433
1436
1433
1412
1407
1433
1424
1437
1410
1405
1421
1452
1437
1459
1410
1381
1410
1410
1465
1438
1407
1466
1344
1355
1318
1361
587
873
886
773
858
852
584
704
691
14
720
1336
1317
1297
393
261
284
266
287
320
412
433
1287
1094
1207
1373
1361
1344
1302
1245
1282
1323
1293
1334
1285
1332
1228
1263
1226
1374
1255
1228
1249
1025
798
547
1129
1053
1439
1431
924
574
140
1408
1214
60
1215
110
865
681
86
1228
15
128
184
64
149
188
82
56
1219
1236
1239
1334
697
1415
1466
925
603
555
1435
13
15
212
1356
1266
1361
743
482
961
1103
1106
748
921
743
593
1203
1359
1468
1350
1369
1341
502
1133
909
1196
1474
1474
443
498
924
439
1162
726
670
1056
621
917
567
1017
977
868
1015
1065
1147
470
755
887
1001
1127
1188
160
113
170
16
342
170
340
416
254
288
260
356
256
44
255
1140
1133
1170
1186
1164
1189
1130
598
587
1094
629
868
915
1255
1261
918
1267
1133
1180
844
814
1474
765
1474
602
602
602
591
474
496
974
936
776
576
723
642
539
1038
742
1178
851
616
634
614
1100
1106
926
539
1056
614
625
810
1325
1290
1225
1266
1210
1205
1261
1243
1222
422
322
397
284
311
301
375
336
1203
1037
1342
997
825
1231
1221
1356
1310
1295
1133
1266
1242
1330
1264
1376
1132
679
960
1300
1332
1014
1244
1317
624
1149
1172
1177
1346
21
1358
322
391
365
366
377
410
335
333
295
340
257
319
380
277
85
83
104
75
136
1092
1128
489
1176
1177
1140
162
129
135
12
355
374
275
850
1158
836
152
10
166
108
648
603
600
1020
864
468
1134
1133
681
910
950
1110
1474
487
488
592
1102
1021
469
688
581
1092
842
660
1040
1185
675
682
1135
1103
489
674
1151
1077
1053
965
1135
1355
1319
807
695
523
828
554
1131
621
539
542
605
537
582
924
968
731
902
623
641
763
472
1474
1474
450
1475
698
1141
930
872
1160
447
598
479
294
342
300
292
354
368
346
406
232
1471
1249
1096
662
767
583
1101
1198
1158
988
529
1078
750
666
1193
748
1122
1082
674
1143
1153
61
11
943
469
225
811
1109
710
760
1160
1135
1070
1124
1182
887
1145
747
560
918
686
392
413
340
430
264
344
356
369
416
328
1354
1330
1344
1314
1334
1306
1312
1325
366
405
673
1048
1138
989
481
1063
1010
1339
1322
1360
637
867
798
942
143
249
253
251
170
137
205
205
141
116
131
136
249
187
14
180
38
65
94
1232
1069
1059
631
479
608
1189
780
1112
1033
1039
1106
796
614
620
1012
607
1041
646
444
709
586
644
641
639
992
1108
1274
107
54
841
801
1352
963
1172
1334
1325
1359
331
341
316
357
308
275
367
303
319
300
329
436
280
409
408
388
375
317
407
295
1253
1203
396
1420
1439
1439
1448
1437
1418
1420
1414
187
1219
65
129
558
1208
250
46
325
104
56
4
30
122
122
40
279
283
1394
865
1142
59
1162
252
1124
605
1201
1133
1162
1204
304
294
232
1398
1407
1414
1408
1412
1417
1398
1406
1418
1406
1384
1410
816
906
1112
953
716
480
1224
72
1051
139
922
704
1190
720
940
809
553
1164
1204
467
639
1220
1106
1104
254
238
234
244
234
110
1224
252
126
138
633
266
1127
604
477
464
484
644
782
272
294
278
138
56
132
65
98
25
54
768
146
132
40
42
56
86
142
616
1181
1094
939
246
126
139
64
122
62
54
1138
64
663
1198
90
64
620
1106
737
510
900
1106
1193
1090
1090
1036
956
1096
993
955
1058
660
986
1166
429
341
402
390
420
395
386
416
1358
1032
564
1090
728
1034
928
1168
1002
1055
1142
1122
1038
1225
1236
1207
1205
1216
1325
1323
1321
1321
864
860
605
761
498
1378
1447
1447
1445
1457
702
1422
1383
1298
1466
1431
979
1409
1450
1412
1454
1305
1338
1336
1436
1443
1451
1410
1408
1457
1432
1451
1401
1453
1416
1430
1404
1465
1404
1457
1451
1424
1428
1426
1422
1443
1439
1436
1449
1411
1439
1449
1455
1422
1439
1447
1406
1455
1453
1420
1457
1457
1430
1438
1457
1459
1448
1418
1436
1418
1400
1422
1444
1434
1451
1432
1449
1430
1457
1414
1451
1404
1420
1414
1388
1239
829
1281
1267
1203
692
784
1257
1090
1308
1211
1471
1179
1378
1475
414
173
1343
1180
932
1189
1357
435
179
1469
1360
1374
1073
1475
175
407
431
676
1344
1188
1179
1354
1079
1470
1156
1127
1355
1358
1237
1008
389
1348
1469
417
1355
1374
1346
1176
1361
1147
405
740
1012
429
1184
1475
1475
1346
681
1357
1164
1064
1028
1184
680
1352
1368
1026
654
1109
661
1358
1370
1053
1115
1028
1371
1475
223
1134
1065
1471
1374
1346
952
1366
652
1471
1438
1458
188
1436
1438
1466
1380
196
1329
1243
1102
498
1150
1419
531
890
689
443
537
1475
928
536
534
788
351
370
374
344
377
353
314
161
1338
1346
1297
1340
1320
1270
1338
1297
1319
1237
1243
1282
1247
1209
1354
1219
1297
299
118
1144
1025
1177
1250
1356
252
165
102
1469
1469
863
469
1238
1467
288
1030
1092
975
836
1187
746
600
999
467
658
1154
1002
1145
952
539
599
504
581
887
1207
1231
1265
1325
1241
1255
1229
1274
1249
655
1286
1018
939
1140
1073
1132
982
995
1224
1354
1211
483
1241
1203
1363
453
1442
1201
1355
1245
1223
1359
1358
555
852
1138
1209
1283
1371
1214
605
443
517
496
1216
1223
1224
1227
1226
596
994
445
886
631
972
545
793
761
757
653
581
1196
645
542
1336
712
465
709
1265
643
546
595
440
1215
759
657
738
846
943
689
458
605
1106
1096
483
580
1228
1342
1278
1299
1321
1332
1243
1293
1376
1467
1267
335
426
369
278
403
317
363
398
239
1362
1217
1217
843
802
1466
1358
1205
1203
1297
1342
1203
1231
1230
1243
784
504
1134
993
100
187
485
706
1362
1222
1254
1344
1284
1318
1340
1376
1374
1261
1256
684
943
1133
530
1475
1475
1104
922
443
1134
454
710
487
688
887
538
816
605
813
1015
1142
1059
1138
684
858
1180
570
1187
1132
1146
1196
808
1126
382
1348
919
1162
1370
148
164
97
867
528
730
1131
518
528
899
918
692
629
787
512
904
798
562
696
962
724
953
1202
708
543
831
449
830
1104
699
852
686
648
485
1035
862
1001
1029
1110
1057
1113
1269
1321
1238
1340
1239
1253
1215
1223
1257
1217
1409
1435
1348
1256
1227
1278
1299
1225
1293
1247
1110
772
257
318
31
116
236
244
255
143
243
182
99
138
237
219
351
1179
954
47
9
176
71
71
73
2
12
49
935
1126
1166
554
1127
1158
1124
825
1126
1339
901
206
185
35
192
200
845
814
734
1189
1151
1140
1122
1055
841
970
945
1004
1176
1303
677
532
927
1115
626
938
508
915
1110
799
1405
1424
1418
1428
1386
1410
395
408
1227
1329
1209
1328
1207
1243
1265
734
878
762
789
228
1170
481
1058
1265
1249
1021
1166
1130
1183
756
980
443
1144
1042
707
1122
1177
1110
1031
1186
1166
1317
1247
1249
1247
912
634
875
1447
1434
1240
1052
175
48
152
68
87
156
145
675
594
885
810
980
999
453
639
666
1019
1026
993
1178
1102
605
1000
866
1003
1202
1130
718
1068
1037
1025
1439
1424
1424
1417
1412
1419
1435
1407
1435
1443
287
374
951
955
842
1132
1267
720
586
1132
930
736
905
619
699
529
606
807
1104
912
899
1344
1172
1138
1133
1104
1042
1106
1253
1323
1283
1225
1428
1428
1404
201
27
177
9
218
186
8
6
21
175
13
215
17
9
178
27
1078
811
1143
826
275
279
258
113
48
490
346
1263
1207
1265
1206
1224
1329
531
527
1321
1245
1218
691
1110
668
1181
1321
1319
1219
1074
1172
991
786
1110
914
48
50
147
188
382
625
256
1265
181
22
36
341
319
392
357
471
754
937
467
452
1164
1179
1112
942
892
830
1092
441
517
643
1128
452
700
927
1003
762
922
605
1164
503
990
1166
837
874
920
1178
222
1422
398
300
436
434
268
319
350
388
379
371
411
394
404
426
359
339
1248
1352
1467
536
489
1090
1467
214
202
196
161
169
11
1310
1431
1178
1282
670
927
655
445
1180
804
1187
1230
1216
1216
1363
1172
1126
1146
1182
695
1124
974
1133
884
1202
1223
1104
510
1108
500
1062
472
1330
879
932
1302
1218
561
972
831
1200
711
1198
1135
641
866
1140
1475
981
886
521
738
725
744
822
1013
1156
1106
1132
601
745
1144
940
759
1426
112
161
16
1337
1357
1412
1228
1265
1202
1208
1208
1071
1241
1336
1345
1270
1269
1092
756
793
1310
669
1168
724
504
563
532
715
250
203
105
1223
1208
1182
797
868
1057
1103
1100
1075
477
581
722
1185
494
698
1103
827
916
1191
827
1077
1134
1130
1187
1367
1294
1262
1239
1346
955
1107
1016
600
1382
1442
1429
1436
1409
1437
1450
1432
1431
1411
1408
1445
1432
1466
1382
1380
1443
1459
1411
1445
1447
1462
1446
1452
1407
1453
854
752
848
1249
1363
1245
1256
1259
1336
1359
1411
1437
1220
1263
1220
1230
1220
1096
1317
1325
1280
520
604
522
638
569
558
1369
1206
1335
1216
1257
1367
1149
844
1334
1287
1338
1329
1222
1209
1348
1211
1280
1332
1206
1330
1328
1334
1332
1330
1270
1325
1276
1130
24
890
1162
1319
1323
1336
1230
1295
1247
1291
1287
333
312
257
1109
888
722
854
1108
1158
1185
548
1176
1158
1181
726
1120
1189
1127
1475
1158
1073
1475
1475
1241
1379
1459
1456
50
44
85
52
1352
1220
1352
1204
1354
1218
1204
1206
986
1435
1456
1438
1409
1419
1384
1433
1453
1433
1433
1439
1435
1431
1408
1407
1380
1426
1434
1417
1431
1439
1447
1360
1348
1350
1329
998
548
728
24
26
1234
1293
1278
1267
1299
1207
1287
1291
1321
360
282
415
431
433
1261
1241
1092
566
605
1139
1214
1222
1220
1214
1299
1178
1076
572
1357
1342
1257
1254
1228
1216
764
854
633
863
741
1170
51
522
16
1229
103
44
1229
91
481
82
488
1041
1129
608
610
1268
1237
1265
1267
1227
1261
1243
1286
1458
1070
1090
34
15
194
224
9
21
29
1209
1343
1359
911
913
522
478
574
1105
643
1147
1109
1101
1249
1358
982
1077
771
900
1475
1198
1196
802
840
737
1190
1142
763
569
594
888
629
560
1078
603
880
660
1155
604
1154
489
679
364
332
254
180
390
916
441
809
1090
403
1113
772
1134
791
1166
716
1314
1263
1221
981
618
877
1475
537
1475
1476
586
1476
1476
856
989
880
560
565
702
711
912
886
642
898
522
1092
524
507
520
456
1140
756
816
1038
584
625
741
482
865
918
755
1350
1354
1249
1471
1257
1338
1260
1259
1259
1239
1240
291
316
337
432
432
281
315
262
391
415
431
293
289
328
420
424
318
372
535
1325
1342
1258
1062
706
695
721
1207
1207
1336
1207
1319
445
1151
1166
1124
1184
1342
961
557
955
1214
1219
1189
1126
678
979
1227
1284
1321
1357
1004
1329
957
1146
1226
796
1254
968
1237
452
1076
1362
183
204
33
203
206
225
1237
371
403
317
417
338
295
388
258
258
1229
252
168
94
114
31
37
1200
1146
1186
862
99
92
129
67
98
55
105
192
349
299
1128
176
151
93
128
1010
668
605
1055
880
885
489
505
447
1013
1134
1187
941
447
965
1151
875
1077
1124
600
1476
639
644
1113
1102
449
486
829
583
1096
862
576
505
979
805
1082
881
594
772
1142
768
1217
1263
1223
1295
537
1145
936
1102
584
1477
579
811
978
466
450
846
1086
1112
801
1185
1097
738
480
1477
1477
896
675
1126
1337
806
338
340
302
412
433
1232
1096
1126
882
511
1048
612
473
1187
1144
771
705
841
26
32
167
1170
1016
941
1467
235
947
1417
226
1127
889
731
715
566
741
1153
1145
730
774
348
408
355
280
262
413
389
312
1355
1215
1320
1457
1374
1227
1261
1350
1323
1284
1312
1338
1316
1329
1314
370
409
983
923
762
1193
663
1334
1373
197
127
89
127
251
116
249
196
143
123
49
253
251
249
242
205
246
26
69
158
163
177
1259
883
1158
744
1172
740
1149
578
845
1019
1182
1179
667
1182
734
447
1106
702
489
1075
182
1359
1205
1246
1321
67
371
1106
982
731
903
245
2
338
428
428
282
338
404
290
289
310
326
263
1166
1443
1428
1426
1426
1447
1437
1412
1436
1443
1413
1432
1413
1430
1411
124
147
142
141
63
75
62
137
50
24
42
38
6
325
317
125
148
392
1414
1170
892
66
889
68
102
59
241
869
826
519
756
300
92
298
296
279
1394
1415
1408
1413
1439
1414
1420
1416
1405
1414
1384
1406
1417
1428
1404
1415
1452
1411
1420
1408
1406
1410
1414
1396
1444
1451
1412
961
610
996
1040
97
669
130
146
515
796
586
505
576
728
1124
863
759
1394
450
880
553
151
315
151
93
52
102
110
487
578
604
483
578
493
714
329
272
280
270
274
282
276
108
243
72
1185
126
125
352
71
241
223
184
151
314
292
688
251
1160
137
175
126
12
42
113
120
131
94
74
293
588
150
125
114
59
45
63
1067
670
812
1082
446
1131
1019
510
694
472
1094
712
1031
631
546
1127
847
529
954
725
861
851
974
1418
907
727
705
1156
1176
1144
894
1295
1359
1344
1320
1329
540
1115
1141
975
1115
838
862
1201
1059
1203
1265
1431
1430
1447
1424
916
707
1214
1424
1434
1454
1449
1465
1433
943
1438
1405
1390
1415
1344
1205
786
1451
1451
1465
1422
1449
1416
1422
1392
1465
1428
1455
1451
1404
1404
1455
1436
1438
1455
1415
1466
1447
1434
1453
1416
1449
1416
1457
1434
1445
1466
1434
1457
1444
1430
1451
1459
1388
1459
1380
1453
1449
1408
1449
1426
1416
1390
1447
1459
1443
1434
1444
1413
1418
1459
1418
1451
1418
1422
1459
1416
1434
1424
1438
1049
856
1323
1259
1352
1188
435
200
228
1368
1100
179
1360
1035
1135
429
944
1188
1477
1262
1471
1471
1111
1080
1111
431
1041
1182
1363
169
398
218
226
650
1135
804
1020
683
1324
435
1053
433
1002
1189
1189
1133
1122
1370
1477
1248
194
650
1125
1477
203
1471
1477
656
1172
671
949
1471
1151
1176
1031
1039
1047
1469
1477
1359
1115
1152
1471
1101
1477
743
1063
1080
207
1011
1180
1184
1471
220
981
1477
1354
212
192
1436
1437
1452
154
1164
1334
1257
1346
1067
1303
810
894
563
920
504
769
1094
546
1196
804
655
446
563
353
1445
1404
1396
1290
1328
1328
1325
1317
1280
1211
1239
1328
1328
1323
1378
1415
1405
1415
1422
1241
1246
1295
1288
433
78
76
26
176
1138
925
1187
830
727
910
1044
962
948
1034
1357
1241
1246
1244
1241
1356
1352
1331
1356
1312
1348
254
1469
89
33
1168
1467
727
787
1154
638
652
788
656
674
998
1112
1155
585
1253
1243
1190
1055
1176
816
834
1184
1147
1104
1108
952
473
848
1180
1120
1268
1209
1267
1285
1324
1269
1323
736
1208
537
1222
1221
638
927
773
1356
1218
1210
557
453
782
1211
1259
1376
1361
1217
1198
1094
1140
1129
1126
556
743
556
1088
540
477
913
455
1355
537
631
764
1330
1152
460
682
1051
1221
1307
1001
858
1102
785
757
612
1196
458
602
1146
480
1057
758
1103
451
483
582
1110
737
951
557
1182
932
1335
1297
1319
1339
1363
1318
1353
1321
1302
1239
1330
1291
1468
1468
1252
278
326
365
434
306
426
336
396
405
422
379
428
325
430
315
996
1226
1249
1237
1222
1208
788
1226
1226
1269
1319
1226
1255
1209
1250
1205
1304
1466
914
525
848
506
937
74
72
109
791
1305
1287
1214
1239
1354
1290
1231
1227
1332
1225
1374
668
1336
1261
190
1170
485
445
838
755
1144
1477
1477
466
1112
506
622
1096
907
696
442
500
696
1075
1133
888
449
585
801
1110
446
1127
1138
697
1130
1142
785
1180
1477
768
977
1128
597
1033
1184
1185
873
22
22
528
812
528
711
1036
566
753
654
447
1108
1080
502
646
606
712
1124
838
562
697
854
1115
564
729
921
633
510
1066
441
854
642
736
803
1004
1142
774
1321
1356
219
1299
1340
1269
1247
1274
1215
1218
1215
1239
1218
1223
1215
1363
1467
1245
1205
1219
1285
1217
320
406
417
8
1469
221
217
106
136
116
1469
1469
236
145
236
230
246
391
164
422
325
792
1066
189
166
167
66
130
1072
882
1128
550
550
1344
216
21
200
11
448
625
632
959
1287
1124
1158
883
728
1332
1297
1337
965
1147
992
706
1190
169
1416
1410
401
418
401
412
1216
1263
1255
1338
1362
1210
1472
1039
276
1110
567
1126
1287
1181
1291
1267
1118
1297
1115
1020
1168
732
1144
1132
1188
1146
1138
975
923
1160
635
545
1198
1056
805
722
680
1243
1306
1150
1432
1443
1430
1413
127
770
526
556
1028
1004
806
603
640
1149
1184
944
1068
826
617
775
1188
1117
1186
1126
812
1455
1435
1448
1435
1417
1417
1439
1437
390
283
370
410
990
1127
1002
1051
1032
678
864
1182
1104
960
928
1003
1466
1352
1122
591
1170
1467
1172
623
720
966
883
1224
1340
1185
1141
1317
1283
1417
1412
214
154
223
200
163
163
8
220
13
212
17
224
35
208
202
790
767
980
480
960
80
164
354
100
1295
1239
1269
1230
491
705
1118
1362
776
1148
1198
543
53
52
1177
1330
1320
995
149
1407
411
1357
1293
1317
1367
487
1164
337
353
298
268
274
1090
532
881
490
638
1180
964
1134
854
523
944
546
715
532
1027
603
686
693
754
694
1198
637
646
512
1021
603
822
854
1101
873
937
603
818
25
410
296
426
363
367
308
268
261
344
365
411
1357
1350
1068
923
451
492
925
1210
1356
208
4
216
198
199
198
25
1340
1156
1130
1334
1245
1140
1186
1046
1047
1102
1180
661
739
488
1319
1170
180
125
273
189
1140
879
1117
1156
455
713
1198
1208
1202
1215
954
1126
834
1241
1218
1350
1094
1116
885
526
519
1220
1229
1359
1203
558
1122
1196
1113
470
508
747
1477
884
1128
1188
1144
861
562
968
1140
1156
1134
487
752
1130
1132
487
741
369
1454
360
288
183
107
112
178
143
63
1377
1215
1211
1407
1417
1409
1407
1409
1398
1228
1291
1231
1242
1255
1108
1259
1329
1231
1263
1209
1255
1329
1255
1223
1215
1299
1206
1245
1102
597
1100
1118
550
698
793
918
580
1467
194
1466
98
101
162
93
1249
515
1090
1164
637
588
734
866
502
598
537
900
601
441
1178
903
1107
1144
804
809
799
806
690
492
1178
827
1179
658
1190
1177
778
1055
1366
1342
1264
1062
1057
786
757
521
750
1454
1405
1407
1433
1456
1450
1446
1416
1453
1407
1428
1420
1424
1446
1409
1380
1435
605
1142
1262
1360
154
1420
1438
1355
1306
1321
1330
1323
1308
975
1193
1372
1214
1211
1368
1226
898
1373
1361
1376
1220
460
748
506
1219
1362
1287
1350
1361
1204
1357
1224
1357
1330
1360
1362
1227
1221
1242
1203
1341
1230
1229
1291
1227
1203
1340
1323
245
237
1122
949
1115
904
941
1348
1319
1280
1210
1210
1230
1295
1249
1230
1263
322
326
327
334
283
774
1190
1188
789
1069
1138
1188
1158
1138
914
626
735
770
1057
1145
783
1051
1477
676
1190
1170
1477
738
637
799
689
1310
1269
213
1455
1438
1434
30
103
92
227
1257
1206
1350
1363
74
521
554
1456
1447
1410
1459
1406
1410
1426
1437
1429
1426
1447
1452
1459
1412
1415
1435
1409
1445
1415
1438
1415
1462
220
1368
1352
1335
1324
1328
1342
1373
705
866
821
123
1156
1178
1156
922
1358
304
262
298
415
427
1254
1299
1261
1220
1084
554
1082
1344
1214
1239
1375
1253
1220
1072
1225
1342
1334
1372
1342
1354
1255
918
1291
1227
1258
1227
1122
905
856
765
1168
1152
914
572
723
1100
1074
1478
948
724
483
1396
828
240
67
1216
243
111
556
1404
42
112
130
633
543
599
366
1253
1253
1241
1287
737
1352
1267
1268
1253
1409
1455
1146
1132
212
214
167
216
218
1361
1333
450
980
1179
607
445
485
1080
1090
1090
1113
1209
1247
1478
1186
763
1179
1117
953
922
1094
922
673
1135
769
1107
780
740
697
920
1148
1018
1050
100
240
263
356
274
162
180
221
376
508
318
358
36
165
16
1170
754
1124
1168
1033
1186
1191
1142
1045
910
1176
1377
1269
1096
1216
1259
1240
1143
771
561
803
1133
654
474
465
760
803
1112
446
527
954
926
780
769
1135
846
1100
618
726
500
1008
510
470
1047
485
1092
860
1034
1100
752
763
1153
1164
506
1072
636
568
451
875
491
968
547
976
1036
1215
1221
1322
1208
1214
1205
1228
1230
1202
1202
1253
1226
1295
277
279
289
405
388
424
303
428
415
297
407
409
418
321
377
368
427
386
330
1166
1317
1321
1331
683
1177
745
1138
1340
1362
1219
1221
1134
987
1330
1184
1184
1162
951
1115
1162
1220
1190
1205
1220
1363
1370
1344
664
1132
443
877
1294
983
643
824
1260
1323
1344
652
1152
1300
1156
1067
1291
1338
1366
1196
1150
25
373
409
336
293
270
275
407
404
259
434
387
265
310
1243
160
224
211
107
234
1052
1114
924
1170
181
185
85
105
97
63
52
351
395
357
352
128
32
37
178
129
174
168
114
99
30
835
831
849
854
709
963
1162
991
977
1135
1053
964
1162
828
1104
823
823
477
988
1027
1042
1468
680
959
953
989
1130
1342
1221
1253
920
691
456
797
507
449
847
796
536
699
1100
830
807
905
516
603
516
1177
1160
1480
784
1104
482
1480
1480
1480
519
1269
1187
1117
610
635
445
1100
332
334
306
314
318
350
358
1030
1293
541
1166
449
744
879
504
534
1158
621
593
911
663
1034
1100
707
451
750
1151
802
872
2
139
131
185
158
1469
509
478
242
1408
1467
1135
1200
917
655
1050
1058
1122
714
567
1084
1108
990
876
1234
919
894
694
913
435
299
265
348
378
304
346
294
805
1363
1295
1272
1342
1304
1329
1332
1266
1258
366
370
420
379
1078
1014
237
237
244
242
232
156
123
106
253
205
168
186
173
245
82
214
181
1057
617
881
840
646
619
834
1006
1156
854
1105
1092
972
835
995
805
842
624
1187
1054
1185
1111
1105
1179
990
471
1191
592
1069
439
1209
1356
1217
1296
1230
1226
1207
54
593
1178
1124
721
612
316
335
316
359
384
339
379
418
308
357
424
295
304
213
1267
1205
1204
1413
1416
1453
1411
1390
1411
1426
1453
1455
1453
1443
1411
1411
1437
1435
1437
12
99
122
70
242
207
230
61
139
23
10
61
32
74
303
4
297
177
80
401
406
1405
542
764
1152
695
40
1170
1198
483
915
85
382
173
1162
373
274
302
1411
1444
1435
1420
1405
1414
1454
1401
1445
1396
1410
1102
1198
1217
1224
623
1198
483
1110
1229
152
142
1114
488
1196
936
1186
1166
1222
574
144
709
24
618
800
839
1183
1166
414
147
186
1467
51
118
124
707
108
156
135
652
464
843
596
464
486
486
76
331
268
270
62
130
238
123
55
28
215
250
78
27
66
44
66
72
73
88
227
1206
591
255
240
140
50
48
118
283
46
823
76
213
662
86
140
443
502
1189
1102
675
900
525
491
548
922
1053
537
916
1202
1074
510
502
537
544
650
958
882
1166
259
378
395
327
351
374
436
1053
1103
721
465
1105
920
1168
1189
1207
1219
1245
1219
441
1162
445
1480
1132
1480
1467
1216
1464
1428
1449
1142
775
1178
1323
1449
1417
1421
1433
1451
1436
1431
1405
776
1147
1435
1359
1328
1336
1257
1300
1134
1104
1404
1465
1465
1404
1449
1426
1445
1432
1424
1414
1451
1430
1411
1408
1457
1457
1398
1436
1445
1420
1418
1445
1466
1417
1455
1428
1444
1434
1449
1450
1408
1447
1430
1420
1380
1428
1457
1413
1455
1439
1418
1459
1424
1432
1434
1422
1443
1420
1457
1445
1455
1457
1438
1443
1428
1443
1445
1447
1447
1418
1416
1414
844
1332
1334
1122
1234
373
1113
1049
1183
211
1359
1294
1164
1109
792
1363
1014
1358
1097
1334
431
1360
1026
1356
213
1346
1296
1303
1111
1191
945
1472
1305
1291
1186
1185
1372
662
1281
682
1035
1480
1480
1160
1481
662
1189
1472
1372
189
1370
1481
196
1354
965
1050
1308
1358
1481
1012
1044
1361
962
1372
1013
1037
671
1346
1111
1115
1360
189
1188
1352
386
1176
1179
648
431
1012
1371
1145
1481
1168
1127
1481
1189
1046
1362
1029
1472
1064
1112
1435
1448
1462
1452
1464
1431
190
1232
1265
1253
1216
558
442
1106
1216
700
1406
1413
568
945
561
1084
992
484
1086
372
391
353
281
367
394
365
264
1424
1451
1406
1428
1434
1301
1325
1316
1307
1292
1298
1338
1253
1325
1301
1292
1276
1446
1247
1225
1219
1287
1223
1299
1350
201
1268
1355
261
259
257
178
297
91
36
1079
1148
669
1342
1234
1229
1210
1355
1338
1369
1227
1467
1468
1107
1088
970
1164
956
677
672
1293
1295
1150
850
1172
1112
982
1200
1144
1153
762
1236
1366
1360
1338
1265
1355
1230
716
1231
1170
508
1363
1284
767
1176
1207
489
1202
1229
1245
1206
527
725
704
441
443
911
498
510
474
1206
657
1255
1215
1259
1345
812
456
996
852
570
1110
742
1229
1226
1224
1201
1107
1183
1214
485
1293
1168
761
963
508
1000
645
1211
1205
563
444
520
860
458
467
603
690
1108
839
730
570
1334
1340
1333
1329
1308
1295
1468
1223
1223
265
373
436
244
238
1359
1231
1473
835
1108
1226
1291
1243
1237
1226
1305
1348
1467
785
736
1190
601
18
62
291
380
28
961
1267
1231
1228
1206
1217
1350
1354
1286
1263
1219
1357
1217
1259
1209
1185
1317
512
492
503
957
881
916
1142
1481
1481
466
624
582
1096
506
958
620
1185
500
1132
519
645
1145
1160
1112
452
548
1027
991
640
1090
1138
789
1112
491
1144
565
1140
1138
1039
648
1182
864
1350
1356
1147
1110
836
1090
1184
657
765
713
1134
901
1198
508
918
896
894
570
1200
950
549
704
699
562
1102
1105
535
564
1156
615
856
484
484
441
907
787
964
948
837
1321
873
1140
1150
1370
1240
1247
1267
1231
1218
1231
1217
1231
1208
1239
1222
1263
1332
1245
1470
217
84
11
150
146
108
121
207
330
199
149
413
320
111
148
34
70
53
1133
1124
550
898
1127
1261
31
201
526
496
850
1115
1103
1287
676
1122
1168
1182
1186
1128
1184
1190
1048
1346
899
1036
1200
938
1106
860
538
1404
1414
1437
1413
1424
384
393
413
1243
1269
1363
1238
1319
849
440
1164
555
630
672
595
1170
1109
906
1156
1127
1142
773
689
1142
1130
1138
723
659
797
1092
483
1097
659
1124
1128
718
1178
1128
194
1297
1303
1287
1158
1186
1150
825
1382
1426
1430
1424
1418
1436
1455
1375
1180
160
106
1071
919
843
1086
594
553
1149
1154
1118
641
827
1092
640
1184
957
603
829
660
1001
776
1028
1336
986
930
748
1038
1015
667
1066
1405
1415
1429
1431
1437
1435
1438
1439
380
372
658
1070
1216
1269
1466
1346
1359
1331
1148
543
664
1148
917
1190
801
1172
885
1090
481
1104
1263
1330
1293
663
772
1130
778
1201
1325
1285
1426
1406
1430
222
203
37
216
35
23
1064
1200
1134
902
1110
369
352
296
33
46
145
284
272
107
1102
1261
1340
1218
1255
479
713
869
506
610
1258
478
1096
1473
1340
1332
1323
1216
1207
1357
1144
775
1153
60
524
1198
1180
807
1188
758
1054
10
4
291
315
363
380
671
939
874
712
583
1092
468
1000
566
1170
973
837
700
820
837
636
444
485
760
490
1069
758
907
565
713
1115
970
634
843
1336
218
159
158
208
1378
339
359
350
281
342
290
402
260
306
337
314
312
344
1339
942
1467
439
184
226
29
6
220
228
6
204
1334
1211
1343
1299
1292
1314
1332
1270
1319
1166
1177
1179
1107
964
614
1297
1228
1203
434
323
363
47
1126
1017
1122
507
1196
1370
1338
1228
460
530
896
1096
1334
839
972
1255
1295
1357
1242
1225
1344
1094
896
1189
865
1140
585
1481
509
884
992
1162
670
1138
1162
1176
1045
678
1160
822
561
520
1130
1428
298
394
131
1355
1346
1354
1368
1328
1370
1412
1412
1405
1444
1217
1276
1214
1229
1215
1257
1214
1206
617
1196
1116
1241
1206
1355
1237
1261
1230
1223
1220
1415
1386
1208
1211
1224
1288
202
861
788
671
719
1065
876
504
854
916
694
621
1468
166
60
185
87
103
166
1249
1133
813
824
879
1156
845
597
592
814
579
585
847
1096
494
828
523
542
1202
1196
622
510
1100
1104
878
479
718
1106
785
1359
981
878
1108
1178
1189
876
1021
999
1144
673
850
1464
1378
1411
1466
797
1446
1448
1458
1452
1462
1433
1409
1448
1433
1431
1422
1450
622
1245
1223
1230
1221
1259
1363
1363
228
1203
1333
1265
1322
1338
1328
1350
1202
1354
1215
1206
449
1319
1291
1350
1257
1204
1348
1225
1360
1337
1114
472
537
559
677
1362
1319
1264
1225
1247
1259
1237
1265
1211
1346
1328
1348
1369
1350
1247
1377
1334
1227
1357
1378
1316
1221
241
239
786
1184
942
1135
1342
1299
1210
1210
1247
1210
1295
1205
1245
1207
337
334
321
1184
729
989
746
1182
1160
622
1044
1030
1032
803
1010
1057
1160
1187
1185
1046
761
1006
1352
1451
1437
1380
1446
1446
1208
1357
1208
1252
1208
1208
470
901
1172
769
1448
1407
1412
1384
1413
1433
1406
1408
1400
1412
1439
1456
1417
1388
1459
1400
1410
1439
1415
1453
1406
1433
1460
1380
1243
1187
1360
1356
1341
642
721
38
65
1141
1267
1467
262
265
290
433
292
266
356
386
1224
1224
1029
1155
677
854
1237
1227
1355
1368
1222
1362
667
917
1336
1299
1259
1264
1249
1362
1215
1228
1017
1249
1224
1231
598
847
978
1188
1135
1405
1407
1442
1448
1182
820
940
1156
1057
1090
141
258
1406
1112
132
1206
260
110
78
1152
278
71
100
448
76
692
118
145
94
696
1225
1211
1375
1306
1302
1261
1219
1323
1362
1200
208
17
222
29
1318
1346
1354
1324
941
1088
442
565
574
681
1115
987
787
723
634
1481
508
1481
822
820
800
1139
1149
849
445
792
587
1046
525
1102
926
1107
654
1073
867
1168
281
336
412
393
263
266
47
239
230
376
393
1112
928
183
89
109
174
256
605
711
1092
1112
1180
1187
800
1185
725
1128
780
1149
491
1205
1179
1113
1094
1115
1201
1016
892
1481
824
474
718
826
1293
962
1200
909
603
904
813
616
744
874
569
537
606
1130
939
835
1132
1178
869
739
636
1151
676
1108
595
809
1376
1325
1245
1345
1328
1291
1206
1205
1249
1297
320
402
333
422
377
321
368
414
396
341
397
392
420
1319
834
861
925
1052
1340
739
1182
1239
1361
1256
1152
1179
1122
1322
1190
1248
1241
1130
752
1126
997
1211
1221
1361
1222
716
1252
1024
1071
1176
1319
1360
746
1134
1000
1361
956
1156
1292
1329
161
15
33
201
1293
364
364
354
384
272
378
259
1208
1218
1204
1263
167
243
92
18
135
1128
1104
1189
1180
1160
1148
1158
1140
854
101
80
177
87
105
179
181
111
140
91
101
109
101
1470
348
406
28
152
37
38
190
120
90
137
607
664
1008
991
1042
820
1122
1103
669
485
818
1067
1019
1481
592
487
1481
1056
605
636
1131
1113
1092
682
672
1162
531
1100
1111
693
1142
1325
1263
802
693
966
492
559
902
504
568
882
515
511
579
521
878
440
1088
1186
1186
952
722
516
818
516
998
530
605
1481
1481
1481
1482
1482
496
1482
1124
1079
591
715
515
1110
1158
1184
745
605
578
619
645
601
430
364
505
1187
867
993
947
922
626
595
793
599
808
635
905
884
1180
977
1138
1166
517
966
714
901
202
1128
1185
1178
503
906
888
656
754
1196
729
1142
1139
623
1200
1253
447
301
417
384
276
348
397
1162
1411
1416
494
150
