7391
1378
1132
1132
1132
1132
1132
1132
1132
1132
1132
1303
1304
255
256
1132
1132
1132
256
256
1132
1
1
1
1
2
2
2
2
3
3
4
4
4
4
5
5
1133
256
257
257
257
258
258
259
259
259
260
260
260
260
261
261
261
261
262
262
262
262
263
263
263
263
264
1133
1133
1133
1133
1133
5
5
264
264
264
265
1133
1133
1133
6
1304
265
1304
1304
1305
1467
1305
1305
1305
1306
1306
1307
1307
1307
1307
1467
1308
1309
1309
1309
1310
1311
1311
1133
1378
1378
1378
1378
1378
1379
1379
1379
1379
1380
1380
1380
1380
6
6
6
1133
1133
7
7
7
7
8
8
8
9
9
9
9
10
10
1311
10
11
11
11
1311
1311
1311
265
265
11
266
266
266
267
267
12
267
12
1133
267
12
1311
1312
12
13
1380
1380
1380
1380
1381
1381
1382
1382
1382
1383
1383
1383
1383
1384
1384
1384
1384
1385
1385
268
13
268
268
268
269
269
13
1134
269
1385
269
270
270
270
270
271
271
1134
14
14
14
271
14
15
271
272
272
272
273
1312
1312
1313
15
15
16
16
16
16
17
17
17
18
18
18
18
21
21
21
21
1313
273
273
273
274
22
22
22
274
274
274
275
22
23
23
275
275
276
276
276
277
277
277
278
278
278
278
279
279
279
280
280
280
280
1386
1386
1463
1313
1313
1313
1313
1314
1314
1314
1315
1315
1315
1315
1315
281
281
281
281
282
282
282
1386
1134
1134
1134
1134
1134
1134
1467
1134
1134
1134
1134
1134
1134
1135
1135
1135
282
283
283
283
284
284
284
287
1135
1135
1135
1386
1387
1387
1387
287
287
1387
1388
1388
1388
1388
1389
287
288
1389
1389
1135
1135
1135
1135
1135
1135
288
1389
1390
1390
1390
1391
1391
1392
1392
1393
1393
1393
1394
1394
1394
1394
1395
1395
1395
1396
1397
1397
1397
1398
1398
1398
1398
1399
1399
1399
1400
1400
1400
1401
1401
1404
1404
1404
1404
1404
1404
1404
1404
1404
1404
1404
1404
1404
1404
1404
1404
1405
1405
1405
288
288
289
289
1135
289
1315
289
23
23
24
1135
1135
290
24
1138
290
291
291
1469
1469
1467
291
292
292
24
1315
1138
1467
1138
1315
292
293
1467
1467
1468
1466
293
1469
293
294
1138
294
294
1316
1138
294
295
295
295
24
1138
1469
1138
1470
1138
1138
295
296
1138
1138
296
296
296
297
1138
1138
297
297
297
298
298
1138
298
25
1140
298
299
1470
1470
299
1316
25
299
300
300
1140
300
300
25
301
1468
1316
25
301
301
26
1470
302
1405
26
26
1140
1140
1140
1140
1405
302
302
303
1470
303
303
303
304
304
1317
1317
1317
1317
1317
1405
1140
1140
1140
1140
1140
1140
1405
1405
1405
1405
1405
1405
1405
1140
1140
1140
1140
1141
1141
1317
27
304
304
305
305
305
1142
1142
1142
1142
1142
1142
27
27
27
1466
306
306
306
306
307
307
307
308
308
308
308
309
309
309
309
310
310
310
310
311
1142
1142
311
1463
1142
311
311
312
312
312
314
314
314
1142
1142
1142
1142
314
315
315
315
1405
315
1142
1142
1470
1143
1143
1143
316
316
1143
1144
1144
1144
317
317
317
318
318
318
318
319
319
1144
1144
319
319
320
320
320
1144
321
321
321
321
322
322
322
1144
323
323
325
325
325
325
326
326
326
326
327
1470
327
327
328
328
1144
1144
1144
1144
1144
1144
1144
1144
1145
1145
1317
1317
1317
1317
1317
1317
1317
1317
28
1145
1145
1145
328
1145
1146
1146
1146
1146
1146
1146
1147
328
1147
1147
329
28
28
1147
1147
1147
1147
1148
1148
1148
1148
1148
329
329
329
1148
1148
330
330
330
1471
1471
330
331
331
332
332
332
332
333
333
333
333
334
334
334
334
335
335
335
336
336
336
336
337
337
337
337
338
338
1471
339
339
339
339
340
1149
1149
1149
340
340
341
341
341
28
29
29
30
341
342
342
342
342
343
343
343
343
344
344
344
344
345
345
345
345
346
346
346
346
347
347
347
348
348
348
348
349
1149
349
349
349
1149
1149
30
1149
1150
1150
1150
1150
1150
1150
1463
1150
1150
1151
1151
1151
1151
1151
1151
1151
1151
1152
350
350
30
30
31
31
31
31
1405
32
32
32
33
33
33
34
34
35
35
35
35
36
350
36
351
351
351
1152
351
352
352
353
353
353
354
1152
1152
354
354
354
355
355
356
356
357
357
357
357
358
358
358
36
1406
1406
1406
1406
1406
1406
1317
1152
1152
1152
1153
1153
1153
1468
1153
358
359
359
1317
359
359
360
360
360
360
363
363
364
364
364
364
365
365
365
366
366
366
367
367
367
367
1153
1153
1154
1154
1154
1406
1406
1406
1406
1406
1406
368
36
37
368
368
368
369
369
369
369
370
370
370
370
371
371
371
371
372
372
372
372
373
373
1406
1406
1406
1407
1407
1407
1407
1407
1318
1318
1318
1319
1319
1319
1319
373
373
374
374
374
1155
374
375
375
375
375
376
376
376
376
377
377
1155
1155
1155
1156
1156
1156
377
378
378
378
379
1319
1407
1407
37
37
38
38
379
379
379
380
380
380
380
381
381
1319
1319
38
38
39
1319
381
1156
1156
1156
381
382
382
382
1156
1156
382
383
383
39
383
1156
1156
1156
1156
1156
1156
1156
1156
383
384
1407
384
384
384
385
1157
1157
1157
385
385
1319
1319
1319
385
386
386
386
387
387
387
388
388
388
389
389
389
389
390
390
390
390
391
391
391
391
39
39
1407
1319
1319
1319
1320
1320
1320
1320
1321
1321
1321
1321
1321
1321
1321
1158
392
392
392
1158
1158
1158
392
393
1158
40
40
40
40
41
41
41
41
42
1158
1158
1158
1158
393
393
393
394
394
394
394
1158
1158
1158
1158
1158
42
42
1321
395
395
395
395
396
396
42
396
397
397
397
1159
1159
398
398
398
401
1159
401
1160
1160
1160
1160
1160
1160
1160
401
402
402
402
402
403
403
403
403
404
404
404
404
406
406
406
406
407
407
407
1407
1321
1321
1321
1321
43
1466
43
43
1466
43
1160
1160
1160
1160
1407
1407
1407
1407
1160
1160
1160
1160
1161
1162
408
1162
1162
1162
1162
1162
1162
1162
1162
1162
1162
1162
1162
1162
1162
408
408
408
409
409
409
409
410
410
410
410
411
411
44
44
44
44
45
45
45
411
411
412
412
412
412
413
413
413
414
414
414
414
415
415
415
415
416
416
416
416
417
417
418
418
418
418
419
419
420
420
420
420
1162
421
421
421
421
422
1407
1407
1408
1408
1408
1408
1408
1408
1408
1408
1408
1408
1408
1408
1408
1408
1409
1409
1409
1409
1409
1409
1409
1409
422
1163
1163
1163
1163
1409
1164
1164
1164
1164
1164
422
1164
1164
1164
1164
1164
423
1164
423
423
424
424
1164
1164
1164
1164
1165
424
425
425
1166
1166
1166
1166
1166
1166
1166
1166
1166
1166
1166
1166
1166
1167
1167
1167
1168
1168
1168
1168
1168
1168
1168
1168
1168
45
46
425
426
1168
1168
1168
1168
1168
1169
1169
1169
1170
1170
1170
1170
1321
1321
1322
427
427
427
428
428
428
429
429
429
429
430
430
430
430
431
1471
431
431
431
1170
1409
431
431
1409
1409
1409
1409
46
46
46
47
47
47
1170
431
1409
1409
1410
1410
1410
1410
1410
1410
1410
1410
1410
1410
1410
1410
1410
1411
1411
1411
1411
1411
1411
1411
1411
1411
1411
1411
1170
1170
1170
1170
431
432
432
432
433
433
433
433
433
47
433
1170
1170
1170
1322
1322
1322
1323
1323
1323
1323
1323
1170
433
1170
1171
1171
1171
1172
1172
1172
1172
1172
1172
1172
1172
1172
1172
1172
1172
1172
1172
1173
433
434
434
434
435
1411
1411
435
435
48
1411
1173
48
1173
48
435
436
48
1173
49
49
50
50
50
50
51
51
1176
1176
1176
1176
436
1411
1411
436
436
439
1412
51
51
52
1176
1176
1176
439
439
439
440
440
440
441
441
441
1176
1176
1463
1176
1176
1176
441
441
441
441
1471
1471
442
442
442
442
443
443
443
443
443
443
443
443
444
444
444
444
445
445
445
445
445
445
445
52
52
52
53
1323
53
1323
1323
53
1323
1323
1323
53
54
54
446
446
446
446
447
447
447
447
447
447
447
447
448
1176
1176
448
1176
448
448
449
449
1471
449
1471
449
449
449
449
449
450
450
450
450
451
451
451
451
452
452
452
452
453
453
453
453
454
454
454
455
455
455
455
1176
1177
1177
1177
1177
1177
1177
1177
1177
1323
1323
1323
1323
1324
1324
1324
1324
1177
456
1177
456
456
1177
1177
1177
1177
1177
457
1178
1178
1178
1178
1178
457
457
458
1178
1178
458
1178
1178
458
458
459
459
1178
54
1178
1325
1325
1325
1325
1325
1325
1325
1325
1325
1325
1325
1325
1325
1325
54
55
55
55
56
459
460
460
460
460
461
56
56
59
59
1325
1328
1328
461
461
462
59
59
60
60
462
462
462
463
463
463
463
464
464
464
464
465
1471
465
466
466
466
466
467
467
467
468
468
468
469
469
469
469
470
470
470
470
471
471
471
471
472
1178
1178
472
472
473
473
473
473
474
474
474
474
477
477
477
477
478
478
478
478
479
479
1471
1471
479
1471
479
480
480
480
480
481
481
481
1328
1328
1328
1328
1328
1328
1328
1328
60
1468
1178
481
482
482
482
483
483
483
483
483
483
483
484
484
484
484
485
485
485
485
60
61
485
485
61
485
486
486
486
486
487
487
487
487
487
487
487
487
488
488
1328
1328
1328
1328
1328
1329
1329
1329
1329
1329
1178
1178
1179
1179
1179
1179
1179
1179
1329
1329
488
488
489
489
489
489
489
1179
1179
1179
489
489
490
490
61
62
62
62
62
63
63
63
64
64
64
64
65
66
66
66
66
67
67
1179
490
491
491
491
491
491
491
492
492
492
492
493
493
493
494
494
494
495
495
495
495
496
496
496
497
497
1179
67
67
498
498
1179
498
498
1179
1179
1179
1329
1329
1329
1329
1329
1329
1329
1329
1330
1330
1330
1330
1330
1330
1330
1330
1330
1330
1330
1330
1179
1180
1330
1412
1412
1412
1412
1412
1412
1412
1412
68
1180
68
68
499
1180
68
69
1330
69
69
70
70
70
71
71
1330
1331
1412
499
499
71
499
71
500
500
500
501
501
1180
1331
1331
72
1412
1412
1412
1412
1412
1413
1413
1413
1413
1413
1413
1413
501
501
502
502
502
502
1180
72
502
72
502
502
503
503
503
503
504
504
1180
504
504
1180
504
504
73
73
74
74
74
74
1180
75
75
75
504
1332
504
505
505
505
506
506
506
1332
1332
1332
75
76
76
76
77
77
77
506
78
78
78
79
79
79
79
506
506
506
506
80
80
80
81
81
81
81
507
82
507
507
82
82
507
508
508
508
508
508
508
508
508
509
509
509
510
510
510
510
510
510
1332
1332
1332
1332
1332
1332
1332
1332
1180
510
510
511
511
511
511
512
512
512
515
515
515
1180
1180
1180
1180
1180
1181
1181
1181
1182
515
516
516
516
516
1182
1413
1413
1413
1413
517
1413
1413
1182
1413
1413
517
1413
1414
1414
1414
1182
1182
1182
1414
1414
1414
1414
1414
1414
1414
1414
1414
1414
1414
1414
1415
1415
1415
1415
1415
1415
1415
1415
1415
1415
1415
1415
1415
1415
1415
1416
1416
1416
1416
1416
1416
1416
1416
1416
1416
1416
1416
1416
1416
1416
1416
1417
1417
1417
1417
1417
1417
1417
1417
1417
1417
1417
1417
1417
1418
1418
1418
1418
1418
1182
517
1182
1182
1182
517
518
1182
518
1182
1182
1468
519
1182
1471
1332
83
1183
519
519
519
1183
1332
83
1466
1184
1184
520
1471
83
1333
1333
520
1184
520
520
1184
521
1467
522
522
1184
1184
1184
522
1334
1184
1466
1334
1184
1184
1184
523
1184
523
1334
523
524
1334
524
1471
1472
1184
524
1184
524
525
525
525
526
1184
1185
526
526
526
527
1185
1185
527
527
527
1185
1473
83
528
528
1468
1185
1185
528
1185
528
1468
1418
1418
84
1418
1418
1418
1418
84
1185
1185
529
529
529
1418
530
530
530
530
531
1473
531
531
531
532
1334
1334
1334
1334
1334
1334
1334
84
1185
1185
1185
1185
1185
1185
1185
1186
1186
1186
1186
1186
1186
1186
1186
1186
1186
1334
85
532
532
532
1186
1186
85
85
85
1466
1466
533
533
1186
1463
1334
533
533
534
534
535
535
535
535
535
535
535
535
535
535
535
535
535
535
535
1186
1186
1187
1187
1187
1187
1187
1187
1187
535
1187
536
536
536
537
537
537
537
1187
1187
1187
537
1187
1188
1188
537
1418
537
1188
1188
1188
1188
1188
537
537
537
1188
1188
1188
1188
537
537
537
537
1188
1188
1188
1189
1189
537
538
538
538
538
539
539
539
539
540
540
540
541
541
541
1189
541
542
542
1189
542
543
543
543
1189
543
544
544
544
544
545
545
545
546
546
547
547
1189
1189
1189
1189
1189
1189
1189
1189
1189
1465
1189
1334
1334
1334
1335
1335
1335
1335
1336
86
1190
1190
1190
547
548
1465
1190
1190
1190
1190
1190
1190
1190
1190
1190
548
548
548
549
86
86
549
549
1190
1190
1190
1191
1191
1191
1191
1193
1193
1193
1193
549
550
550
550
1473
1473
550
553
553
553
554
554
554
555
555
555
555
556
556
556
556
557
557
557
557
558
558
559
559
559
559
560
560
1336
1195
560
560
1195
87
87
87
561
561
561
562
562
562
563
563
563
563
564
564
564
564
565
565
565
565
566
566
566
566
567
567
567
567
568
568
568
568
569
569
569
569
570
570
570
571
1195
1195
1195
1195
1195
1195
1195
1195
1195
1195
1418
1418
1195
1195
1195
1196
1196
1196
1196
1196
571
571
1336
1336
87
88
88
88
88
89
89
89
89
90
90
90
1336
571
572
91
91
91
92
92
92
92
93
93
572
572
572
573
573
573
573
574
574
1196
574
93
93
94
94
94
574
575
575
575
575
576
576
576
577
577
577
578
578
1196
579
579
579
580
580
580
580
581
581
581
1418
1419
1420
1420
1420
1420
1336
1336
1196
1196
1196
1196
1196
1196
1196
581
582
582
582
94
583
583
583
1196
1196
583
584
584
584
584
585
585
586
586
586
586
587
587
587
587
588
1197
1197
1197
1197
588
588
591
1420
1420
1197
591
97
97
98
98
98
98
99
591
592
592
592
592
593
593
593
593
594
594
594
594
595
595
595
595
596
596
596
597
597
597
598
1420
1420
1420
1420
1420
1420
1420
1420
1420
1420
1336
1336
598
598
598
599
1197
599
599
599
600
600
600
600
601
601
601
602
602
602
603
1197
603
603
603
603
603
603
1197
1197
1197
1197
1421
1421
1422
99
99
99
100
100
100
100
101
101
102
102
102
102
103
103
103
603
603
603
603
1336
1336
1336
103
104
603
1336
1197
1197
1197
1198
1198
1198
603
603
1198
1198
1198
603
603
604
604
1198
1198
1198
604
604
605
605
605
605
104
104
104
105
1336
605
105
1198
105
105
106
1337
1337
1337
1338
605
605
605
605
605
605
605
605
605
605
605
606
606
606
607
607
607
608
608
608
609
609
609
609
610
610
610
611
611
611
611
106
1422
1338
1338
1338
1338
1338
1338
1338
1338
1338
1338
1338
1338
1338
1338
1339
1339
1198
1198
1463
612
612
612
1465
106
106
107
107
107
107
1198
1422
612
1199
613
613
613
613
614
614
614
1199
1199
1199
1199
614
615
615
615
616
616
616
617
617
618
1199
618
618
619
619
619
619
1199
620
620
1199
1199
620
620
621
621
621
621
622
622
622
622
1473
623
623
623
623
624
624
624
624
625
625
625
626
626
629
629
629
1422
108
108
108
1199
1199
1422
1199
1199
1199
1199
1200
629
1200
1200
1200
1200
1200
630
630
630
1200
630
631
631
631
631
632
632
109
109
109
1200
1200
632
633
633
633
633
634
634
634
634
635
635
635
635
636
636
636
637
637
637
638
638
638
1200
1200
1200
1200
1200
638
639
639
639
1422
1422
1422
1422
1422
1422
1422
1422
1422
1422
1422
1424
1424
1424
1424
1424
1424
1424
1424
1424
1424
1424
1424
1424
1424
1424
639
640
640
1201
1201
1201
1201
1201
1201
1201
1425
1425
1201
1201
1201
1201
1201
640
1201
1201
1201
640
641
641
641
641
642
1201
1202
1202
1202
1202
1202
642
642
1202
1202
1202
1202
1202
1202
1202
1202
1202
1203
1203
1203
1203
1203
1203
1203
1203
1203
1203
643
109
643
643
1203
1203
1203
1203
1204
1204
1204
1204
1339
1339
1340
644
644
644
645
645
645
645
646
646
646
646
647
647
647
647
1473
648
648
1473
1473
1204
1425
1425
1425
110
110
111
111
1204
1204
1204
1204
1204
1204
1204
1204
648
1425
1425
1425
1425
1425
1425
1425
1425
1425
1425
1426
1426
1426
1426
1426
1426
1426
1426
1426
1426
1426
1426
1204
1204
1204
1205
648
649
649
111
111
1205
1205
1205
1205
1205
1205
1205
1205
1205
1340
1340
1340
1340
1340
1205
1205
649
650
650
650
1205
1206
1206
1206
1206
651
651
651
1206
1206
1206
1206
1206
1206
651
652
652
652
653
653
112
653
112
1206
112
112
1206
113
653
113
654
654
654
654
655
1206
1206
1206
1206
1207
1207
1207
1207
1426
655
655
113
113
114
114
114
114
115
1207
1207
1207
656
656
656
656
657
657
657
657
658
658
1207
1207
658
658
659
659
1473
659
660
660
660
661
661
661
661
662
662
662
663
663
663
664
664
664
666
667
667
667
667
1340
1340
115
115
1340
668
668
668
668
1340
669
669
669
669
670
670
1207
1207
1207
670
670
671
1473
671
1473
1473
671
1473
1473
671
672
672
672
672
673
673
673
673
674
674
674
675
675
675
675
676
676
677
677
677
677
678
678
678
678
679
679
1207
1208
1208
1468
1208
1208
1208
1208
1208
1208
1208
1340
1340
1340
1340
1340
1341
1341
1341
1341
1342
1342
1342
1342
1342
1342
1342
1342
1342
679
1208
1208
1208
680
680
680
680
1208
1208
1208
1209
1209
681
681
681
682
682
1209
682
682
683
1209
1209
683
683
683
684
1209
1209
1209
1209
684
1209
684
684
1209
685
1209
685
1209
685
685
1209
115
116
116
116
116
117
1210
1342
1342
1342
1342
1342
1342
1342
1343
1343
1210
117
117
117
118
118
118
686
686
686
687
119
119
119
119
120
120
120
120
1343
1344
687
121
121
121
121
687
687
688
688
688
688
689
689
689
689
690
690
690
690
691
691
691
692
692
692
1474
692
693
693
694
694
694
695
695
695
695
696
696
696
696
697
697
697
698
698
698
1210
1210
1210
1210
699
699
699
699
700
1474
700
700
700
701
701
702
702
702
703
703
703
703
704
1474
1474
704
704
704
1210
705
1344
1344
1344
1344
1344
1210
705
705
706
706
706
706
707
707
707
707
708
708
122
122
122
708
708
709
1463
123
709
1426
123
709
710
710
710
711
711
711
712
712
712
1344
1344
1344
1344
1344
1344
1344
1344
1210
1210
1210
1426
1210
1210
1210
1211
1211
1211
1211
1211
1211
1211
1211
1344
1344
712
713
713
713
713
1211
1211
123
124
124
124
124
125
125
125
125
126
126
126
127
127
127
128
128
128
129
129
129
129
1211
714
714
714
714
715
715
715
715
716
716
716
716
717
717
717
717
718
718
718
130
1211
1211
1214
1214
130
1345
718
719
719
720
130
130
1345
1345
1345
1346
1346
1346
1346
1346
1346
1346
1346
720
1427
1427
1427
1427
1427
1427
1427
1427
1427
1427
1427
1427
1427
1427
131
131
131
132
132
132
135
135
135
135
136
136
136
1346
1346
137
137
1346
1427
720
721
137
721
137
138
138
138
721
721
722
722
1346
139
1346
1346
1346
1427
1428
1428
1428
1428
1428
1428
1428
1428
1428
1428
1428
1428
1428
1428
1428
1429
1429
1429
1429
1429
1429
1429
1429
1429
1429
1429
722
722
723
723
139
723
139
140
723
724
724
724
724
725
725
725
726
1429
726
726
726
140
1346
140
140
141
141
141
727
727
727
727
728
728
728
1347
1347
1348
1348
1348
1348
1348
141
142
142
728
142
143
1348
143
143
143
144
144
1348
1348
729
144
729
144
145
145
145
145
146
146
146
146
147
1348
729
147
147
147
148
148
148
729
730
730
730
730
731
731
732
732
732
733
733
733
733
734
734
734
734
735
735
735
735
736
1429
736
736
736
737
737
737
737
1214
1214
1214
1214
1214
738
738
738
738
739
739
739
740
740
1214
1214
1429
1430
1430
1430
740
741
1214
1430
1430
1430
1430
1430
1430
741
1430
1430
1430
1430
1214
1214
742
1430
1431
1431
1431
1431
1431
1431
1431
1431
1431
1431
1431
1431
1431
1431
1431
1431
1432
1432
1432
1432
1432
1432
1432
1432
1432
1432
1432
1432
1432
1432
1432
1433
1433
1433
1433
1433
1433
1433
1433
1433
1433
1433
1433
1433
1434
1434
1434
1434
1434
1434
1434
1434
1434
1434
1434
1434
1434
1434
1435
1435
1435
1435
742
742
1214
1214
1214
742
1348
149
149
1215
743
149
1215
743
743
1348
743
744
1474
1215
1469
1469
744
744
744
1348
745
745
1215
149
1348
150
150
745
745
746
746
746
1215
1348
747
1349
747
747
747
748
748
1215
1474
1215
150
749
749
1474
150
1469
1474
749
749
750
750
1469
750
750
751
751
751
1466
1475
1215
752
752
1469
752
1475
752
753
753
151
753
753
754
1469
151
754
1475
1215
152
152
1435
1435
1435
152
754
1215
1215
1215
755
1215
755
755
755
756
756
756
756
757
757
757
758
758
758
1349
1435
1435
1435
1216
1216
1216
1216
1216
1216
1216
1216
1216
1216
1216
1435
1435
1435
1435
1435
1216
1216
1217
1217
1350
152
153
153
153
758
759
759
759
759
760
760
760
761
761
1217
1217
1217
1217
1217
1217
1217
1217
1217
1217
1217
153
1466
154
154
761
1463
762
762
762
762
763
763
763
763
764
764
764
764
1217
1218
765
765
765
765
767
767
767
767
768
768
768
768
769
769
1218
1218
1218
1218
1218
1218
1218
769
1218
770
1218
1218
770
770
770
1218
1218
1219
771
771
771
1219
1219
1219
1219
1219
772
772
772
772
773
773
773
773
774
774
775
775
776
1219
776
776
776
1219
777
777
777
777
1219
1219
778
778
778
778
779
780
780
780
780
781
781
781
781
782
782
782
783
783
783
783
784
784
784
1219
1219
1219
1219
1220
1220
1220
1220
1220
1220
1220
1220
1464
1464
1220
1350
1350
1350
1350
1350
1350
1350
1350
1350
1350
1350
1350
1350
1351
1351
785
1220
1220
1220
1220
1220
785
1220
1220
1221
1221
1221
1221
1221
1221
1221
1221
1465
785
786
786
786
786
154
155
155
787
1221
1221
1221
1221
1221
1221
1222
1222
1222
1222
1222
787
1222
1222
155
787
787
788
788
788
789
1475
1475
789
789
789
790
790
790
791
791
792
792
792
792
793
793
793
793
796
796
796
797
797
797
798
798
798
1475
799
799
799
799
800
800
800
800
155
156
801
801
801
802
802
802
802
803
803
803
803
804
804
804
804
805
805
805
806
806
806
806
807
807
807
807
808
808
808
808
809
809
809
809
810
1222
1222
156
1222
1222
1222
1222
1222
1223
1223
1223
1223
1223
1223
1223
1223
1464
1223
1223
1223
1223
1223
1351
1351
1351
156
1467
156
157
157
157
157
1467
1467
158
158
158
158
159
1351
159
1351
1351
810
810
159
159
160
160
160
810
811
811
811
811
1224
161
161
161
162
812
812
812
812
1224
813
813
813
813
1224
1224
1224
814
814
814
815
815
162
1436
1436
1351
1351
1351
1351
1224
1224
1224
1224
1224
1224
1469
815
1351
816
816
816
1224
816
1224
1224
817
1224
817
817
817
818
818
818
818
819
819
819
819
820
820
820
820
821
821
821
821
1225
1225
822
1436
1436
1436
1436
162
822
822
822
823
823
823
823
824
824
824
824
825
825
825
826
826
826
826
827
827
1436
1436
1436
1436
1436
1436
1436
1436
1351
1352
1352
1352
827
827
828
828
828
829
829
829
830
830
830
830
1465
1225
831
831
831
1465
831
834
834
834
834
1225
1225
835
835
1225
1225
1436
1437
163
163
163
163
164
164
165
165
165
166
166
166
167
167
167
835
835
836
836
836
167
168
1352
168
1225
1225
1225
1225
836
837
837
1225
837
837
838
839
168
168
839
1225
1225
839
169
1437
1352
1225
1226
1226
1226
839
840
1352
1352
1352
1352
1352
840
840
840
841
841
841
842
842
842
842
843
843
843
844
844
844
845
845
845
846
846
846
846
847
847
847
847
848
848
848
848
849
849
169
1352
1352
1352
1352
1352
1353
1353
1353
1353
1353
1353
1226
1226
849
850
850
850
851
1226
1226
169
169
170
170
170
173
173
1226
851
851
1226
1226
852
852
852
852
853
853
853
853
854
1226
854
173
173
1353
174
854
854
854
854
854
854
854
1226
1226
1226
854
854
854
1226
1227
1227
854
854
855
855
855
1227
1227
1227
1227
855
856
856
856
856
857
857
1475
857
857
858
858
858
858
859
859
859
859
860
860
860
860
861
861
1353
1437
1353
1353
174
174
175
175
175
176
1227
1227
1227
1437
1437
1437
1437
1437
1437
1227
1227
1227
1227
1227
861
1227
1227
1228
1228
1228
1228
1228
1228
1228
1228
1228
1228
1228
861
862
862
862
862
863
863
863
863
1466
176
1466
176
176
177
177
1228
864
864
865
865
865
866
866
866
867
867
868
868
868
868
869
869
869
869
872
872
872
873
873
874
874
874
874
875
875
875
875
1228
1228
1228
876
876
876
877
877
877
1437
1437
1438
1438
1438
1438
1438
1438
1438
1438
1438
1438
1438
1438
1438
1438
1438
877
878
1229
1229
177
1438
1439
1229
1229
1229
1229
1229
1229
878
878
1229
1229
1229
1229
1229
878
1229
1229
1230
1230
879
879
879
1230
1230
1230
1230
1230
1230
1230
1230
1230
1230
1230
1230
1231
1231
1231
1231
1231
1231
1231
1231
1231
1231
1231
1231
177
178
879
880
880
880
880
1231
1231
1231
1232
1232
1232
1233
1233
1233
1233
1353
1353
1353
1353
1353
881
881
881
882
882
882
883
883
883
883
884
884
884
884
885
885
885
1475
885
886
886
1475
887
887
887
887
1233
1233
178
1439
1439
1439
178
178
179
179
1233
1233
1233
1233
179
888
888
1439
1439
1439
1439
1439
1439
1439
1439
1439
1439
1439
1439
1442
1442
1442
1442
1443
1443
1443
1443
1443
1443
179
1233
1233
1233
1233
1233
1233
1234
888
888
889
180
889
889
889
890
1234
1354
1354
1354
1354
1354
1234
1234
1235
1235
890
891
891
1235
1235
1235
1235
1235
1235
891
1235
1235
1235
1235
1235
1235
1235
891
1235
1236
1237
1237
892
892
892
892
893
893
893
893
894
894
894
1475
895
895
895
1443
895
180
180
1237
180
181
896
1443
181
181
181
896
896
897
1354
1237
1237
1237
1237
897
1237
1237
1237
1237
1443
1443
897
897
182
182
182
182
183
1237
1237
898
898
898
899
899
899
899
900
900
900
1237
1237
1475
900
901
901
901
902
902
902
903
903
903
903
904
904
904
904
905
905
905
906
183
183
1354
1354
1354
183
184
184
1354
906
1354
1354
184
184
185
906
906
907
907
907
909
909
910
910
910
911
1237
1238
911
1239
1239
1239
911
912
912
912
912
913
913
913
913
914
914
914
914
915
915
915
915
916
916
916
916
916
916
916
916
917
917
917
917
918
918
918
918
918
918
918
919
919
919
920
920
920
920
920
920
921
921
1239
1239
1239
1239
1239
1239
1239
1239
1239
1239
1239
1239
1240
1354
1354
1354
1354
1355
1355
1355
1355
1355
1355
1355
1355
1355
1355
1355
1355
1355
1355
1355
921
1240
1240
1240
921
922
922
922
1241
1241
1241
1241
922
922
1241
922
922
922
923
923
923
1241
923
1241
1241
1241
1241
1241
924
924
924
924
1241
925
925
925
1241
1241
1241
925
926
1241
926
927
1242
1243
1243
927
927
185
1356
1356
1356
1356
1356
1356
1356
1356
1356
1356
1356
1356
1356
1243
185
185
186
186
186
927
928
928
929
186
187
187
187
187
188
188
1356
1356
1356
1357
188
188
189
189
190
190
191
191
191
191
929
930
930
930
930
931
931
932
932
932
932
933
933
933
934
934
934
934
935
935
935
1464
935
936
936
936
936
1243
1243
1243
937
937
937
937
938
938
938
938
939
939
939
940
940
940
940
941
941
941
941
1475
942
942
942
1475
1475
1475
942
1243
943
943
943
944
944
945
1357
1357
1357
1357
1357
1357
1357
945
1243
945
945
947
947
948
948
948
948
949
949
949
949
950
950
950
950
951
951
951
952
192
192
192
192
193
1465
952
952
193
1443
1465
952
953
953
953
953
954
954
954
954
955
955
955
955
1243
956
956
956
956
1357
1357
1357
1357
1357
1357
1358
1358
957
1243
1243
1243
1243
1243
1243
1244
1244
1244
1358
1358
1358
1358
957
958
193
193
194
194
194
194
195
195
195
195
196
196
196
196
197
197
197
958
958
958
959
959
959
959
960
960
960
960
961
961
961
961
962
962
962
962
963
963
963
963
964
964
964
965
965
965
965
1244
1245
1245
1245
1245
1245
1245
197
966
966
966
966
967
1358
1358
1358
1358
1358
1358
1358
1358
1358
1359
1359
1359
1359
198
1245
1245
1245
1443
1443
1443
1443
1444
1444
1444
1444
1444
1444
1445
1445
1445
1445
1445
1445
198
199
199
199
200
200
200
200
201
201
201
201
202
202
1359
202
1359
202
203
1359
1359
1445
967
967
968
968
203
968
968
969
969
204
1359
204
969
1359
1359
1359
1445
1445
1445
1445
1445
1445
1445
1445
1446
1446
1446
969
970
1245
1245
970
970
970
971
1245
204
205
971
971
971
972
972
972
1245
973
205
973
205
973
973
974
974
974
1359
205
206
1465
206
207
207
975
207
207
208
975
975
976
976
976
976
977
208
1359
1359
1359
208
208
211
211
211
211
212
212
212
212
213
213
213
213
214
214
214
1245
977
215
215
215
215
216
216
1360
216
977
217
217
977
217
217
978
978
978
979
979
979
979
980
980
980
980
981
981
981
982
982
982
982
983
983
983
983
986
1360
1360
1360
1360
1360
1360
1360
986
986
986
987
987
987
987
988
1245
1246
1246
1246
988
988
989
1476
989
1476
1466
1247
1446
1446
1446
989
989
990
1247
1446
1447
1447
1447
1447
1447
1447
1447
990
991
1447
1247
1247
1247
1247
1247
991
991
1447
1447
1447
1447
1447
1447
1448
1448
1448
1448
1448
1448
1448
1449
1449
1449
1449
1449
1449
1449
1449
1449
1449
1449
1449
1449
1450
1450
1450
1450
1450
1450
1450
1450
1451
1451
1451
1451
1451
1451
1451
1451
1451
1451
1451
1451
1451
1451
1451
1451
1452
1452
1452
1452
1452
1452
1452
1453
1453
1453
1453
1453
991
1247
1247
992
1247
1360
992
992
992
218
1247
1247
993
993
993
1247
993
1247
994
1247
1360
1248
994
1248
218
1248
1249
1249
994
994
995
1469
1249
1249
995
995
1249
995
1249
996
996
1476
1477
996
1477
996
997
1469
1249
218
1249
1477
219
1249
997
997
1249
1249
1477
998
998
1249
998
1249
999
1000
1000
1249
1000
1000
1249
219
1001
1250
1360
1001
1001
1001
1360
1002
1250
1002
1477
1002
1002
1477
1003
1003
1252
1003
1469
1004
1004
1453
1453
1453
1453
1453
1453
219
1252
1252
1252
1253
1004
1005
1006
1253
1006
1453
1453
1006
1006
1007
1007
1007
1007
1008
1360
1360
1361
1361
1361
1361
1361
1361
1453
1454
1454
1454
1454
1253
1253
1253
1253
1253
1253
1253
1253
1253
1253
1253
1254
1454
1254
1254
1255
1255
1255
1255
1255
220
1255
1255
1361
1361
1361
220
1361
220
220
1008
1008
1009
1255
1255
1255
1255
1255
1255
1256
1256
1465
1465
1009
1009
1009
1010
1010
1010
1010
1256
1257
1011
1011
1011
1012
1012
1012
1013
1013
1013
1257
1257
1257
1257
1257
1257
1257
1013
1257
1014
1014
1257
1257
1014
1015
1257
1015
1015
1257
1257
1257
1016
1016
1016
1016
1017
1017
1017
1017
1018
1258
1018
1258
1258
1259
1259
1018
1018
1019
1019
1019
1019
1020
1259
1259
1259
1020
1020
1020
1259
1021
1259
1021
1021
1021
1024
1024
1024
1259
1259
1024
1025
1025
1025
1025
1026
1026
1027
1027
1027
1027
1028
1259
1259
1259
1259
1259
1259
1465
1259
1260
1361
1361
1361
221
221
1260
1260
1469
1028
1028
1261
1261
1261
1261
1261
1261
1261
1466
1029
1029
1029
1029
221
221
1362
1362
222
1030
1261
1261
1261
1261
1261
1261
1261
1262
1262
1262
1263
1263
1263
1263
1030
1263
1030
1030
1031
1031
1032
1032
1032
1477
1477
1032
1033
1033
1033
1033
1034
1034
1034
1035
1035
1035
1035
1036
1036
1036
1036
1037
1037
1037
1037
1038
1038
1038
1038
1039
1039
1039
1039
1040
1040
1040
1040
1041
1263
1263
1041
1041
1041
1042
1042
1042
1043
1043
1043
1043
1044
1044
1044
1044
1045
1045
1045
1045
1045
1045
1045
1045
1045
1045
1045
1045
1045
1045
1045
1046
1046
1046
1046
1047
1047
1047
1047
1263
1048
1048
1048
1263
1263
1263
1263
1263
1263
1264
1264
1264
1265
1265
1265
1265
1265
1265
1467
222
222
222
223
223
223
223
224
1362
224
224
1362
1362
224
225
225
225
225
1048
1049
1049
1050
1050
1265
226
226
1050
1051
1051
1051
1052
1265
1052
1052
1053
1053
1053
1053
1053
1053
1053
1265
1054
1054
1055
1055
1055
1055
1055
1454
1454
1455
1455
1455
1362
1362
1362
1265
1265
1265
1265
1265
1055
1055
1056
1056
1056
1057
1057
1057
1057
1057
1057
1057
1057
1058
1058
1058
1058
1059
1059
1059
1059
1062
1062
1062
1062
1063
1063
1063
1064
1064
226
1265
1266
1266
1064
1064
1065
1065
1455
1455
1455
1455
1455
1455
1455
1266
1065
227
227
1066
1066
1066
1067
1067
1067
1067
1068
1068
1068
1068
1069
1069
1069
1069
1070
1070
1070
1070
1071
1071
1266
1071
1071
1072
1072
1072
1072
1073
1455
1455
1455
1455
1455
1456
1456
1456
1362
1362
1073
1073
1267
1267
1466
1267
1267
1267
1073
1074
1074
1074
1075
1075
1075
1075
1076
1076
1076
1077
1267
1267
1267
1077
1077
1077
1078
1078
1267
1267
1456
1456
1456
227
227
228
228
229
229
1078
1078
1079
1079
1079
1362
1362
1362
230
230
230
1362
1362
230
1079
1267
1267
1267
1267
1080
1080
1080
1080
1081
1267
1081
1082
1469
1267
1268
1268
1269
1269
1269
1082
1083
1083
231
1084
1084
1084
1085
1085
1085
1086
231
231
1363
1363
1363
1363
1086
1086
1087
1087
1088
1088
1088
1089
1089
1090
1090
1090
1090
1090
1090
1090
1090
1090
1090
1090
1090
1090
1090
1090
1091
1091
1091
1091
1092
1269
231
232
232
232
1457
1363
1363
1363
1363
1363
1363
1363
1363
1363
1363
1363
1366
1366
1269
1092
1466
1092
233
233
233
233
234
234
234
234
1269
1269
1269
1269
1269
1269
1269
1269
1269
1092
1092
1092
1092
1092
1092
1269
1269
1270
1366
1367
1367
235
1092
1092
1092
1092
1092
1270
1270
1270
1092
1093
1094
1094
1271
1094
1094
1271
1272
1272
1272
1272
1273
1094
1094
1094
1094
1094
1094
1477
1094
1094
1094
1094
1094
1094
1095
1095
1095
1096
1096
1096
1096
1096
1096
1457
1367
1367
235
1273
1273
1274
1274
1274
1275
1457
1457
1457
1457
1275
1275
1276
1276
1276
1277
1277
1277
1096
1096
1096
1277
1278
1278
1278
1279
1279
1280
1280
1457
1457
1280
1281
1281
1281
235
1096
1096
1096
1096
1096
1096
1097
1097
1097
1097
1100
1465
235
236
236
236
237
237
1281
1100
1100
1100
1100
1100
1100
1100
1100
1100
1100
1100
1100
1100
1101
1101
1102
1102
1102
1102
1102
1102
1102
1102
1102
1102
1102
1102
1102
1282
1102
1102
1103
1103
1103
1103
1103
1103
1103
1103
1104
1457
1457
1457
1457
1104
1457
1458
1458
1458
1459
1459
1459
1459
1459
1459
1459
1459
1104
1282
1282
1282
1283
1283
1284
1284
237
1284
1285
1285
1285
1286
1286
1286
1287
1287
1287
1287
1104
1287
1287
1287
1287
1287
1287
1287
1287
1287
1104
1104
1104
1104
1104
1287
1287
1287
1288
1288
1290
1290
1290
1291
1291
1291
1291
1291
1291
1291
1291
1291
1291
1291
1291
1291
1291
237
238
1104
1104
1104
1104
1291
1291
1292
1292
1292
1293
1293
1293
1293
1293
1368
1368
1368
1104
1104
1104
1105
1105
1105
1105
1105
1105
1105
1105
1106
1106
1106
1106
1106
1106
1106
1106
1293
1459
1459
1459
1459
1459
1293
1293
1293
1293
1293
1293
1106
1106
1106
1106
1459
1460
1460
1460
1461
1461
1461
1461
1461
1461
1461
1461
1461
1461
1461
1461
1461
1461
1461
1461
1462
1462
1462
1462
1293
1106
1293
1293
1293
1106
1106
238
238
1106
1294
1465
1368
1368
1368
1369
1369
1369
1370
1370
1294
1294
1107
1107
1107
1107
1294
1295
1295
1295
1295
1295
1107
1107
1295
1295
1295
1295
1295
1295
1295
1295
1107
1295
1295
1295
1107
1108
1108
1108
1108
1463
1463
1463
1463
1108
1108
1108
1108
1108
1108
239
1370
1463
1108
239
1296
1370
239
239
1108
1370
240
240
1108
241
1108
241
241
241
1108
1296
1296
1296
1297
1297
1297
1297
1297
1297
1108
242
242
242
242
1297
1297
1297
1297
1109
1109
1109
1109
1109
1109
1109
1110
1110
1110
1110
1477
1110
1477
1110
1110
1110
1110
1110
1110
1110
1110
1110
1110
1111
1111
1111
1111
1111
1111
1112
1112
1370
1370
1371
1371
1371
1372
243
243
243
1372
1372
1112
1112
243
244
244
244
244
1112
1112
1112
1112
1112
1112
1112
1112
1112
1112
1112
1112
1113
1297
1113
1113
1113
1113
1113
1113
1114
1477
1114
1114
1114
1115
1297
1115
1115
1115
1115
1115
1115
1115
1115
1115
1115
1115
1115
1115
1115
1115
1116
1116
1116
1116
1117
1117
1117
1118
1118
1118
1297
1297
1297
1298
1298
1298
1299
1299
1299
1299
1372
1372
1372
1372
1373
1373
1373
1374
1374
1374
1374
1374
1374
1299
1119
1119
1119
1120
1299
1120
1120
1299
1299
1299
1120
1121
1121
1299
1121
1299
1299
1121
1122
1122
1122
1299
1299
1299
1299
1122
1300
1122
1122
1122
1300
1300
1122
1122
1122
1300
1122
1122
1301
1301
245
245
245
245
1301
1374
1375
1375
1375
1376
1376
1376
1301
1302
1302
1302
246
246
246
246
249
1122
1122
1122
1122
1123
1123
1123
1123
1123
249
249
249
250
250
250
250
251
251
251
251
252
252
1467
1376
1376
252
253
253
253
254
254
254
255
1123
1123
1123
1123
1123
1123
1123
1123
1123
1123
1124
1124
1124
1477
1124
1124
1477
1124
1124
1124
1124
1124
1124
1124
1124
1124
1124
1125
1125
1125
1125
1303
1303
1125
1125
1125
1125
1125
1125
1125
1125
1125
1125
1126
1126
1126
1126
1126
1126
1126
1126
1126
1126
1126
1126
1126
1126
1127
1127
1478
1478
1480
1480
1480
1127
1480
1127
1127
1127
1127
1127
1127
1127
1127
1127
1127
1127
1127
1128
1128
1376
1376
1128
1128
1128
1128
1128
1128
1128
1128
1128
1128
1128
1128
1128
1128
1129
1129
1129
1130
1130
1130
1130
1130
255
1130
1130
1130
1130
1130
1130
1130
1130
1130
1130
1130
1131
1131
1131
1303
1131
1377
1377
1377
1377
1378
1378
1132
1463
1463
1132
255
