7391
1411
1247
1261
1261
1267
1265
1266
1264
1266
1263
1466
1477
395
737
1249
1249
1248
731
183
677
1200
1200
1200
1458
1255
1253
1303
1303
1255
1350
1350
1350
1037
1066
1033
1204
1247
956
860
966
960
1013
1015
959
955
966
854
998
1001
863
843
865
854
845
864
847
854
840
850
846
848
862
854
882
900
886
896
892
1053
1048
450
64
159
165
1178
1464
1206
1204
1094
560
1100
1124
1269
1074
1122
1115
1084
1096
1096
1100
1078
1068
1102
1076
1122
1124
1110
1110
1112
1120
1113
1180
1450
1454
1451
1432
1435
1434
1451
1433
1433
1444
1444
1444
1434
1334
1334
1334
1209
1158
1220
1220
1158
1317
1459
1104
1160
1135
1253
1297
1296
1106
1244
1201
1202
1202
1456
1203
1456
1455
1310
478
1176
1108
980
992
980
978
989
1156
991
1220
1160
478
1469
1132
1133
1325
1325
1467
1467
1467
1437
1437
1376
1374
1370
1378
1390
1372
1392
1457
1447
1420
1419
1452
1406
1405
838
1220
1299
474
460
1224
1224
1162
1208
841
1447
65
6
63
52
1166
30
62
1158
1221
1162
1162
49
1203
1221
1253
1253
966
972
1014
1122
1096
1094
1032
1040
1153
1050
1053
1057
1108
1360
1028
1170
1355
1108
1107
1066
1221
1221
1140
1128
999
998
1226
1225
1300
1138
1135
851
839
837
840
1162
1059
1145
445
442
445
424
434
436
428
435
439
443
418
520
160
136
730
78
739
124
741
1417
1454
1472
1345
1346
1344
1469
1346
1346
1346
1346
1355
1346
1355
1346
904
907
903
547
545
541
1021
1473
771
772
763
804
762
808
803
787
782
802
791
791
1453
1453
1453
1453
836
1189
829
824
873
830
874
1190
1219
1219
1219
1450
1434
1433
1449
192
260
1447
1469
1469
1467
1452
1451
144
245
1405
1405
487
1217
1216
367
1467
1467
266
1413
1413
1424
1413
1410
1416
1416
1417
1404
1445
1445
1432
1417
1416
1409
1415
1410
1408
1428
1431
1438
1442
1430
1438
1410
1432
1432
1428
1426
1431
1422
1412
1424
1414
1411
1424
1438
1410
1408
1442
1438
1442
1439
1438
1426
1424
1414
1424
1422
1417
1435
1435
1410
916
916
911
814
1462
911
1219
183
1027
1046
1156
890
1306
1350
1147
1462
436
434
812
23
1477
1473
161
266
921
1254
1114
371
494
353
1111
921
867
1473
1481
1473
1477
417
507
861
1019
373
913
1229
1132
705
1021
912
28
1002
1041
351
1474
1239
1207
900
1185
272
33
767
1481
161
379
263
955
503
359
169
1344
1021
1240
957
1211
961
1105
1286
1189
1191
1225
1474
1243
1114
1147
617
277
617
1471
1469
869
1031
1193
1281
1127
1145
955
281
1037
905
937
1448
1325
1221
605
605
605
1257
1449
90
88
80
1474
94
91
102
122
80
1127
1202
1201
1200
1201
1396
1262
1261
1261
1259
1265
1266
1469
1437
1437
1378
1370
1370
1368
761
764
764
800
782
806
1125
1058
1336
561
559
561
567
715
713
485
1291
1291
1219
1164
1164
1063
1477
1229
1229
1336
632
458
469
456
448
52
68
34
48
71
50
27
953
32
21
10
10
768
1344
983
1473
599
648
1340
1209
184
129
1339
1342
1336
700
1306
896
880
252
877
165
640
1459
1336
1214
1278
1475
693
1179
723
394
907
484
504
1182
690
87
179
104
166
89
98
110
177
1287
722
718
531
729
1210
1210
328
352
1020
340
420
427
622
828
873
667
568
553
556
557
546
576
226
224
214
1223
184
1223
201
205
322
334
1284
1266
606
588
602
603
792
797
1247
1259
1080
1088
1082
1218
1124
1122
1110
1124
1156
1160
1160
1160
51
692
688
688
693
686
657
1179
1179
750
1286
1280
338
1203
1354
657
660
656
673
684
654
670
822
718
1211
1336
1340
1214
1216
580
158
140
257
280
234
507
412
384
408
752
395
524
391
413
403
1466
380
404
402
146
111
186
145
151
129
542
583
284
920
940
937
926
1473
940
938
919
942
930
1182
1181
1182
945
467
948
945
949
1164
1162
1352
1352
448
40
8
50
50
25
51
758
756
757
298
276
329
208
319
329
314
330
303
265
320
320
216
199
294
255
288
66
292
371
143
241
264
1295
1247
1367
599
605
605
807
601
603
603
1471
1291
784
596
594
596
603
603
596
600
810
778
334
1206
1144
1145
1142
1144
1144
1144
1437
1254
1198
1198
1288
1253
1290
1288
1140
1146
1141
1142
1144
1142
451
1357
310
226
212
1274
1338
1340
1338
1341
1338
1334
1338
1214
1214
1340
217
645
645
310
340
338
327
306
226
253
256
319
246
1481
1445
1404
1400
1446
1436
1445
1071
1344
709
1178
372
376
1179
493
1217
641
325
1252
1287
1241
621
614
1189
1243
623
617
1240
1189
1189
1196
1196
1189
1188
622
834
824
829
872
836
1297
1299
806
775
805
798
800
1445
1445
1436
1404
1436
1436
275
1151
1152
652
215
243
201
221
219
222
278
199
212
261
255
326
330
208
225
221
282
272
281
288
1448
1447
1447
1420
1420
1457
1457
1447
1333
1333
1332
1334
1333
1334
1332
507
163
179
582
543
659
1026
1024
1027
939
936
925
760
315
250
329
289
1180
1182
1249
1184
1186
1245
254
447
1166
1166
1228
1267
1432
1432
1356
1359
1356
1359
1002
179
167
178
198
223
274
111
169
1082
1102
1109
1108
1107
1102
252
691
689
693
314
335
312
648
671
670
742
746
281
1150
303
496
481
481
1280
1281
1282
1278
894
189
161
1404
826
121
103
1209
1258
1259
1262
811
814
1100
1090
1096
126
92
87
186
154
137
82
136
128
293
544
585
583
578
641
296
168
105
308
563
576
328
1359
1361
1401
1128
1127
1126
1130
1128
1132
1133
1133
1132
1130
1134
1133
1131
1132
1184
467
453
452
1455
1455
1455
631
629
1208
1359
1360
1361
1361
1355
1357
1360
1361
1360
1215
1217
479
1217
581
162
125
151
143
588
554
769
765
769
770
767
1107
1031
1092
924
920
928
920
920
938
1352
1348
1350
1348
1319
1239
1237
445
536
445
537
1239
734
1237
1348
1346
1239
1257
1257
1257
725
622
624
616
276
1170
993
977
1228
1236
1321
1228
1232
977
983
992
992
1458
1229
1228
1428
1307
1307
1307
1307
1106
1473
1109
1106
1473
1106
1477
1478
1481
1187
1469
1449
1449
1406
1206
1178
1178
350
346
350
382
708
348
351
372
354
504
354
356
882
346
1178
1206
721
358
641
644
559
570
1344
390
386
382
192
111
140
572
568
1055
1172
1164
1170
1040
1048
1062
813
911
918
810
1000
1006
858
845
846
866
848
443
530
535
398
516
519
521
398
405
447
417
417
443
424
537
1211
1209
244
264
1223
641
648
661
145
154
139
151
299
1415
1422
1439
1439
1439
1421
1439
1426
1415
1428
1426
1426
1422
1417
1429
1430
1429
1429
1430
1430
1424
1409
1415
1408
1222
1293
1295
1293
1211
1400
344
374
372
346
1179
169
341
667
505
489
823
507
1238
418
614
620
113
348
709
364
1239
1462
441
532
731
1239
365
490
668
666
684
352
1205
1178
890
883
881
888
884
880
899
887
484
506
489
679
658
720
502
1460
1172
1030
650
253
788
770
796
796
771
772
806
768
773
804
778
773
1112
1096
1068
1224
1227
1227
1226
1224
1227
1226
67
48
71
24
29
2
34
30
1225
69
59
60
1304
1430
1249
1252
1421
1417
1417
1417
1108
1106
1106
1109
1108
1104
605
585
1381
1372
1374
1376
1373
1369
1383
1386
1381
1383
1370
1405
1370
1378
1407
1407
1407
1448
1368
1371
1388
1372
1368
1369
1367
1377
1246
1180
1185
1183
636
447
28
52
26
67
66
40
54
1064
1352
792
809
786
1268
1100
1092
1094
1102
1452
1217
1097
365
141
342
373
353
359
699
482
485
1216
373
1217
1215
1217
1180
1182
1180
1183
1180
1180
1182
131
333
1299
1241
1298
1435
1404
1177
1178
1221
1372
368
1203
506
1162
619
181
1151
480
1356
1202
1135
1135
1150
1477
1055
1204
594
783
1187
791
1319
1367
1417
1243
1299
1299
1437
1366
1360
1361
793
787
791
391
402
393
409
382
537
537
446
444
1245
1245
1473
716
493
1329
413
422
426
748
509
509
518
388
389
410
147
85
165
403
410
407
94
177
166
142
379
380
397
86
158
632
65
4
4
1056
1042
1034
1172
1269
1046
1272
1274
1054
1308
1306
1075
1065
1057
1198
1228
1236
1230
1231
1230
1237
1231
1230
1229
1231
1230
1231
1230
1468
1354
426
1249
1340
1335
449
49
21
12
8
42
60
68
56
64
479
630
454
449
460
473
470
72
15
61
1164
1168
1168
1166
42
59
25
76
59
27
56
42
473
1216
695
481
491
1214
1214
678
483
723
1117
1122
1101
1090
1100
1102
1103
1086
694
432
711
1318
1320
1328
722
353
677
699
527
1293
487
1295
488
1328
1321
1323
1321
1325
1206
1323
357
706
214
274
1322
1320
709
1363
1457
1134
1127
1130
1127
1130
1133
1355
1130
1124
1126
1128
1130
1134
1133
1064
1062
1170
1170
1170
1177
976
1168
1321
925
1232
1142
1140
1140
1145
1122
1115
1090
1177
945
1453
1045
1325
1028
1170
863
1204
1204
1204
747
1205
152
132
175
160
128
107
1475
1222
1012
974
1015
964
968
954
970
958
1018
975
963
1016
240
238
337
333
258
242
238
1342
1338
1338
1337
1183
1182
47
643
320
325
312
236
228
196
200
216
640
516
518
154
414
405
398
512
91
90
1475
1475
78
1475
631
1168
9
30
854
1004
1010
840
1455
1269
1267
1329
1269
1329
1269
1269
1158
1283
1276
914
917
910
916
919
918
911
869
1207
1189
1330
1330
1330
1208
1459
1208
1330
1328
1459
1172
1156
743
746
1220
983
988
1207
1190
1190
1188
1189
1196
1243
1241
1208
837
727
621
618
1073
1075
1090
1115
1092
1082
1080
1074
1070
1096
367
1263
1263
1257
1267
1261
1259
1261
1466
1466
393
395
440
378
422
442
728
1249
1249
1246
738
740
736
737
1198
1350
1198
1198
1255
1253
1302
1301
1255
1255
1255
1352
1255
1299
1065
1029
1030
1051
1204
1247
861
963
966
968
954
965
1017
964
959
1013
960
962
970
973
854
1010
854
843
851
839
842
846
845
846
843
841
883
1055
1158
466
15
353
538
549
1178
1305
823
1110
1115
1115
1124
1090
1072
1090
1090
1103
1088
1102
1102
1094
1075
1120
1117
1117
1110
1113
1218
1180
1245
1132
1454
1433
1432
1434
1434
1433
1443
1454
1334
1209
1156
1162
472
1209
1151
1150
1110
1063
1057
1360
1334
1203
1202
1138
1455
1455
1437
631
987
1104
982
1153
997
976
991
981
976
1158
1267
1130
1158
1466
1467
1457
1392
1388
1384
1390
1390
1400
1418
1407
1406
458
634
630
632
629
636
1209
1138
1223
1220
1299
468
473
474
450
469
944
1224
1158
1253
64
1158
1176
863
1314
1196
1196
1196
1456
1303
1160
1221
1162
1162
949
1200
963
972
1014
1014
975
968
975
1090
1092
1092
1155
1053
1158
1055
1059
1360
1057
1024
1053
1314
1106
1106
1044
1142
1312
1010
1001
1003
1006
1300
1138
1138
1138
1135
1135
1138
864
1047
1221
1222
1140
1152
427
445
521
416
441
424
440
447
440
447
164
736
176
728
740
732
732
184
1345
1346
1345
1346
1456
1355
1346
1346
883
905
906
909
905
907
549
545
543
541
555
541
539
762
804
762
762
778
1453
1453
1453
1453
826
830
868
874
868
1219
1432
1444
1454
1435
510
1469
1459
1217
1451
1451
180
1405
1405
1405
1405
1216
1211
710
1415
1414
1414
1414
1408
1412
1408
1414
1409
1424
1408
1414
1414
1409
1416
1418
1416
1416
1418
1418
1404
1445
1445
1432
1412
1426
1415
1424
1443
1443
1437
1438
1428
1428
1438
1424
1410
1417
1417
1422
1422
1424
1411
1416
1413
1416
1410
1438
1439
1443
1439
1413
1408
1418
1422
1421
1435
1435
1435
1410
1432
1238
914
1331
1331
1332
1354
918
1332
814
1468
1184
785
1348
903
829
1079
1253
1481
831
434
123
1348
1111
1141
1473
711
1328
380
1225
1221
1129
1127
635
1470
1350
1299
669
127
1474
23
259
883
901
1181
753
1131
805
1290
1109
1291
661
1179
1348
1244
9
1111
237
730
1127
812
249
1475
1205
635
1283
7
937
17
915
283
892
892
1354
11
1208
1222
1215
899
1188
1227
1350
1211
1475
1041
994
831
1481
1471
1481
873
479
1241
1283
1409
1449
1221
1420
1420
1449
1459
1148
1329
591
433
429
537
1449
97
549
407
404
82
1475
144
101
192
138
1127
1127
1134
1202
1201
1202
1200
1151
1259
1264
1267
1267
1259
1263
1267
1259
1258
1265
1206
1187
780
806
808
798
1187
1072
1042
572
572
567
1293
1291
1058
1036
1059
1477
1477
1227
1229
1184
1471
1469
1335
625
448
477
454
456
462
13
64
22
33
11
36
2
46
1453
40
63
59
802
605
603
810
605
592
592
1352
1352
994
598
1342
1336
1338
1343
1340
1250
639
889
1465
1465
1024
889
882
898
1210
1406
816
1256
1257
1214
1291
1293
538
548
263
365
1179
1205
822
526
406
410
310
1219
487
502
1182
668
105
138
104
162
100
164
1020
624
431
338
301
1210
1250
1190
1020
1247
301
446
1206
1295
1207
1208
1207
558
672
574
559
550
554
539
544
542
220
265
236
904
906
480
1261
1265
1265
1265
603
607
786
1291
1465
1247
1112
1102
1096
1090
1115
1124
1122
1113
1469
1160
1160
1160
47
13
1460
676
672
674
671
1329
692
1328
692
1285
643
638
637
262
1203
1203
1287
585
682
675
663
680
663
1329
673
655
654
505
1160
557
572
1209
94
272
270
1207
234
876
553
392
412
394
412
148
109
114
566
584
275
1231
925
932
939
924
919
922
926
940
938
938
920
942
1267
1183
634
945
1469
1164
1164
1162
629
474
61
8
1166
50
760
757
756
761
757
314
304
288
332
322
301
325
304
328
340
332
295
337
317
743
211
316
219
289
70
173
154
141
1480
300
297
246
1247
592
802
807
597
597
605
603
597
601
1404
1437
1293
608
598
598
603
603
796
798
761
759
1355
1355
1142
1142
1198
1198
1290
1255
1255
1254
1255
1255
1290
1200
1308
467
812
1145
1149
1149
1140
1140
1142
1146
1147
1140
1466
1166
944
944
1176
950
948
1176
947
663
22
1363
1363
1356
1361
1362
238
306
1338
1336
1342
1340
1342
1343
1342
1340
1342
1342
1338
1216
1337
215
266
294
332
299
312
298
300
302
1404
1400
1392
1445
1436
1436
1111
1219
1186
711
376
344
485
489
1214
219
223
220
213
1151
1188
1299
827
1330
1330
1191
1242
1239
1188
1190
1189
1241
1188
1299
1241
1241
1239
834
1243
1241
1241
797
793
780
786
1205
292
742
1404
1445
1245
243
1139
1150
1220
1152
1152
1152
1455
277
222
234
261
260
239
205
283
266
282
215
230
245
253
204
259
1210
237
197
230
221
268
277
279
1420
1418
1457
1447
1447
1407
1420
1457
1447
1448
1332
1332
535
189
557
543
1182
1024
922
943
298
317
758
332
338
214
336
335
252
300
336
1186
250
295
456
451
1168
1164
1247
799
1330
1215
1432
1450
1431
1359
1357
1357
1356
1357
1355
1358
1358
1356
1355
1360
1362
1361
1356
1359
1356
129
574
545
24
1114
1114
1100
1106
1106
583
1068
662
680
677
822
500
669
310
876
675
677
689
554
875
1344
315
489
709
1287
1348
123
574
570
131
570
1150
1057
1220
1221
1477
192
1105
1259
1172
1172
1170
1122
1115
1076
1217
581
204
139
94
108
739
125
122
164
126
92
586
588
107
103
130
578
564
287
270
230
120
104
183
91
120
182
540
560
548
580
1362
1404
1132
1130
1128
1135
1126
1124
1133
1132
1132
1130
1127
1134
1131
1135
1134
1135
1455
490
1472
633
633
625
1482
1360
1358
1357
1357
1357
1356
1216
1376
141
1305
297
290
127
114
579
258
291
769
769
770
793
932
922
932
930
920
927
923
1348
1228
736
1237
534
528
536
531
537
416
1239
734
738
1467
1348
725
726
724
727
618
1168
979
991
993
1232
1236
1229
1170
1168
981
995
995
982
1231
979
1228
1228
1168
1229
1168
1459
987
1426
1108
1107
1108
1478
1480
1449
504
346
342
360
500
518
502
697
492
697
724
644
244
236
1293
509
118
392
390
392
388
520
1176
1037
1062
1219
1219
1211
821
916
917
854
1002
1003
842
844
848
522
510
517
407
391
522
527
531
1223
1335
1337
550
684
668
363
496
1214
101
89
268
243
1439
1442
1411
1412
1409
1439
1439
1396
1439
1409
1426
1426
1418
1430
1430
1430
1428
1430
1430
1426
1426
1411
1421
1409
1411
1411
1222
1221
1222
1295
1217
1295
1295
1295
371
1216
1446
1446
374
366
352
358
372
128
1179
691
369
388
382
510
508
508
431
493
1205
377
1257
1257
1464
440
107
1348
1348
681
653
880
884
894
886
695
483
502
1216
683
1216
681
679
673
683
1344
1481
1316
311
257
805
799
792
772
808
774
775
788
1110
1112
1100
1226
1224
1224
1224
12
17
26
44
1166
12
13
56
1227
1226
1223
1225
1227
1225
1225
1225
1304
1430
1431
1417
1104
1104
1106
1104
604
612
604
603
591
614
612
614
547
1407
1380
1382
1375
1378
1376
1371
1372
1371
1369
1380
1375
1380
1392
1420
1407
1380
1368
1380
1405
1448
1448
1249
1185
1181
1184
634
66
24
1027
1031
799
778
790
784
790
763
786
788
802
1100
1102
1077
1067
1103
369
374
186
78
88
146
350
374
354
358
370
539
270
213
1283
491
1182
1181
1180
1186
1352
1317
1317
1196
1177
1177
1352
474
1153
1178
1291
1150
366
1042
1008
1138
542
584
587
840
849
604
595
595
606
605
654
482
1179
1451
1469
1299
1358
1366
1358
1358
1358
1360
1362
722
809
785
522
522
402
748
384
527
444
428
428
951
1247
711
387
431
439
516
509
508
752
752
166
113
1210
186
132
93
112
187
124
530
534
412
526
147
519
93
116
99
35
1272
1274
1053
1054
1202
1287
1287
587
580
1101
1287
1229
1231
1231
1230
1231
1468
1353
1247
1342
464
451
11
69
2
37
56
2
21
73
67
734
626
73
453
468
465
451
468
449
44
48
69
65
46
46
1166
16
22
15
71
74
54
70
6
447
51
1332
488
699
484
1216
489
500
1295
487
485
705
1112
1124
1122
1116
1112
1112
1102
1102
1102
1079
1074
1102
1102
1218
1101
1103
1068
1100
920
660
1329
683
1323
646
640
93
696
654
704
694
488
518
446
148
182
730
488
1322
114
174
342
712
1323
1319
1321
1319
1325
1328
1328
355
1025
712
511
1321
662
264
676
1319
1325
401
185
889
1363
1363
1363
1362
1363
1363
1457
1134
1134
1354
1127
1128
1126
1127
1128
1126
1186
1047
1064
1172
1045
1032
1038
1168
1228
1170
1210
1149
1149
1143
1140
1140
1140
1146
1141
1124
1115
953
1172
1065
1066
1324
755
755
849
1017
744
747
745
194
1210
150
187
137
158
97
118
123
145
1223
1222
1222
1473
1222
1222
961
961
972
970
958
972
1013
1015
73
1164
642
329
331
240
212
52
120
190
1182
1185
1245
1249
638
315
336
296
306
293
222
207
249
218
203
262
227
433
414
525
409
523
90
1475
1475
135
637
569
1186
866
1329
1268
1329
1267
1269
1276
916
915
816
820
1344
873
1196
1189
1189
1330
1191
1328
1049
1028
1477
1205
747
743
1471
1158
1481
1407
1152
994
1344
831
1196
872
826
835
1193
727
621
1094
1113
1122
1088
1092
1067
1069
1218
789
359
355
1409
1184
1265
1263
1261
1267
1263
1261
1258
1264
1261
1261
1466
1466
190
420
738
737
740
1246
1246
1350
1458
1299
1301
1301
1255
1299
1200
1200
1456
1255
1350
1350
1352
1350
1350
1350
1048
1051
1032
1033
1033
1249
841
866
959
962
954
856
1008
998
864
854
862
854
865
847
858
864
838
842
856
1151
901
888
902
885
1051
1202
62
116
510
256
1105
1037
1122
1113
1110
1094
1094
1077
1092
1094
1110
1115
1218
1228
1450
1434
1451
1434
1434
1433
1433
1433
1435
1443
1444
1443
1434
1433
1334
1334
1220
1317
1104
1108
1253
1253
1150
1154
1148
1359
1356
1200
1130
1203
1203
1456
1406
988
1176
1152
978
1108
1065
1050
1172
976
978
980
470
1128
1325
1126
1130
1134
1457
1434
1446
1443
1454
1406
1443
1443
1368
1378
1374
1386
1374
1370
1394
1457
1447
1420
1420
1418
1418
1406
1408
1453
1437
1437
1460
626
636
843
852
1139
1221
1220
1220
470
465
449
478
470
950
952
986
841
1447
53
18
1166
1317
1130
1160
1164
1203
1204
1287
1016
1017
1012
1016
1012
974
1166
1110
1086
1094
1094
1092
1218
1218
1046
1156
1108
1002
1204
1316
1092
1108
1469
1040
1244
1144
1128
1201
1003
1303
1226
1302
1296
1135
1138
1135
1138
1135
1138
1138
1138
1455
844
1156
1062
1156
1156
1034
1155
1221
1211
1211
443
431
420
426
433
433
429
447
443
430
435
98
160
176
100
736
738
140
142
737
1418
904
906
909
547
549
555
553
776
1453
1469
1453
1453
834
867
1189
827
828
874
1243
872
1330
1219
1464
1455
1432
1434
1434
515
109
352
1447
1468
1447
1467
1451
1451
1319
1450
1405
1406
1406
493
487
321
1408
1408
1413
1415
1412
1414
1422
1408
1411
1414
1415
1416
1416
1416
1436
1446
1446
1436
1433
1409
1412
1413
1426
1416
1413
1414
1430
1428
1430
1430
1426
1438
1439
1443
1443
1443
1438
1443
1439
1428
1430
1408
1413
1410
1424
1412
1413
1422
1414
1413
1409
1422
1412
1411
1410
1410
1410
1437
1413
1424
1412
1438
1413
917
1354
1464
1249
1480
915
1127
1324
1038
1471
1000
1035
1237
436
582
1269
1025
921
994
602
1284
1470
728
378
436
1111
280
23
899
1039
1111
1147
1035
283
275
456
16
17
702
1111
239
1111
854
923
1229
135
36
708
1477
1295
1200
444
732
31
1033
1470
837
432
1354
295
173
801
165
379
280
730
163
1287
282
901
1208
31
1286
278
1025
1189
131
1243
1176
865
1354
921
1471
1039
923
289
803
1325
1176
1405
1449
1447
1176
1459
673
605
1256
430
1245
759
405
402
405
76
102
156
86
108
85
130
84
103
1132
1436
1394
1394
1258
1263
1267
1265
1259
1263
1261
1263
1265
1267
1265
1379
1372
1383
1420
1419
761
1186
804
1465
1102
1063
1046
1052
1052
1340
1338
1334
563
579
565
569
574
561
559
702
1293
1293
1293
1293
1291
1205
1291
1291
1291
1220
1050
1477
1044
1054
1227
1480
466
447
467
477
37
54
33
943
35
14
26
60
1352
594
983
996
1320
1334
1336
1027
137
106
166
156
99
743
1209
1336
898
878
491
1245
705
880
486
1210
502
638
502
1215
816
550
820
1179
686
500
536
532
431
1187
1219
1184
1184
1328
1328
620
179
167
188
86
170
84
140
80
105
149
88
483
729
731
1252
359
1298
754
1021
1019
1256
1248
301
339
434
622
1188
1190
916
540
567
565
556
557
566
569
227
216
1223
1223
256
237
876
1330
264
355
1263
1267
1265
1260
1262
789
807
600
599
797
597
1472
1471
1247
1090
1086
1094
1122
1088
1100
1096
1118
1115
1118
1120
1122
1122
1113
1115
1211
1160
491
496
502
1158
24
692
690
666
1215
686
710
1328
691
1280
1280
1466
255
203
211
194
291
1203
1354
1203
586
658
668
723
662
706
675
690
656
664
658
492
1336
1215
1215
1151
755
308
78
188
113
1210
287
265
204
232
198
200
876
411
512
390
510
384
181
170
130
90
100
101
181
562
943
932
922
927
941
942
927
1473
924
928
935
942
925
939
948
948
1164
1162
70
449
48
34
17
62
1453
452
757
760
756
756
643
326
290
259
326
208
323
318
319
336
643
315
244
322
272
326
16
46
337
650
341
294
232
375
1295
1354
790
803
601
790
607
605
610
605
603
603
607
601
1291
1473
782
596
600
809
594
1355
1097
1078
1147
1474
1145
1143
1142
1142
1146
1474
1474
1287
1254
1198
1198
1198
1310
1255
1312
1308
454
951
1147
1144
1143
1144
1142
1225
1166
455
952
950
1328
1363
1362
1358
1362
1206
213
642
298
1276
1336
1340
1335
1338
1216
1214
1284
1343
1334
261
224
304
1470
1445
1398
1113
1069
1071
1109
763
1457
724
708
705
504
481
254
1287
1189
616
835
1332
1297
1332
1330
1297
1257
1191
1239
1190
1188
1188
1189
1193
1188
1188
1189
625
1188
1241
828
1239
1239
824
1328
615
782
793
1207
1436
1398
1436
1445
1220
203
198
212
250
282
250
217
216
287
241
240
243
227
255
317
650
296
202
263
317
1367
1448
1447
1420
1406
1406
1420
1368
1332
1332
1332
1333
446
422
442
511
432
139
582
582
555
539
584
541
1466
715
1019
922
941
1460
646
318
1206
263
333
1180
1182
291
245
788
1331
1453
1452
1358
1359
1361
1359
1357
1357
1357
1358
1356
1357
1357
1359
1356
1362
1362
262
537
555
196
47
1104
1109
1084
1104
697
599
652
691
327
331
291
678
746
1204
878
312
1063
1055
619
377
1285
152
1053
1404
1466
1262
1257
1265
1260
820
811
1124
1101
1090
1124
1092
546
556
546
556
224
268
132
145
112
86
128
110
113
110
127
323
558
107
588
586
562
200
207
221
254
219
302
638
190
173
288
566
568
1360
1132
1126
1130
1134
1133
1126
1128
1135
1134
1132
1129
1184
1184
448
633
633
631
635
1208
1209
1359
1356
1358
1357
1358
1358
1360
1217
188
187
898
368
262
180
175
167
150
135
116
149
583
484
253
1039
1105
1072
1154
936
936
934
941
928
1348
1348
823
822
1187
1323
1228
1228
1238
1237
1186
536
443
741
729
731
1237
1237
1468
1256
725
727
725
726
726
616
1228
1229
1228
1459
979
986
989
989
987
987
989
1230
1230
1230
1229
997
1227
1321
1130
1431
1354
1468
1156
1106
1108
1105
1156
1155
1481
1188
1188
1449
1449
1407
1406
1459
1459
720
1179
348
482
360
116
704
503
360
360
885
1178
1179
693
1178
898
1282
1205
487
646
228
567
563
404
386
515
515
564
1482
1355
1467
1057
1162
1030
1056
1219
918
918
814
842
844
866
415
394
397
390
528
524
526
525
397
517
537
422
445
529
426
439
431
537
529
1209
1209
251
1223
1223
284
680
363
698
523
537
739
242
227
202
1422
1422
1409
1422
1415
1439
1422
1424
1411
1431
1426
1428
1412
1420
1415
1411
1415
1222
1222
1295
1211
1164
1436
1437
357
375
365
663
655
682
178
161
357
366
498
483
676
441
1205
355
703
364
528
621
114
1239
1348
1205
682
669
356
1285
884
890
879
887
888
902
707
661
676
682
664
487
491
660
699
702
483
1176
1314
652
341
249
251
242
789
807
805
770
765
774
780
768
774
1187
1115
1115
1110
1110
1100
28
1224
1227
637
1227
1224
1226
1224
1226
1224
1226
47
10
29
38
37
1225
1225
1225
1226
951
1227
49
49
63
32
1259
1305
1203
1428
1417
1418
1105
1104
1106
1105
605
612
591
608
1104
540
558
1382
1370
1384
1380
1384
1374
1376
1379
1379
1378
1382
1368
1407
1405
1407
1407
1377
1372
1380
1373
1378
1371
1362
892
887
1184
1185
1185
1184
1185
466
1210
1211
1058
1340
1340
1336
1211
775
1092
1092
1090
1069
1067
367
369
1178
1178
162
112
112
1325
364
363
375
370
376
284
1278
664
486
492
491
1215
489
578
697
1180
1185
1186
129
1318
1317
1196
1297
1298
1297
1196
1190
1190
1297
1298
1177
1178
626
1390
521
1198
1317
1219
1221
1352
100
1405
1106
1104
1243
867
560
850
1202
593
610
595
776
1319
655
710
672
664
1451
1431
1241
1299
1366
1358
1361
1360
1361
787
801
415
413
537
406
396
433
524
441
537
949
1247
1215
527
406
750
380
156
176
146
531
532
395
523
106
142
178
102
634
630
13
21
35
1176
1198
1456
1270
1269
1039
1038
1153
1269
585
1306
1072
1036
1036
1355
1228
1231
1230
1230
1231
1230
1232
1236
1231
1229
1231
1468
1353
443
1245
1248
1248
1343
468
466
471
27
27
60
477
469
472
632
462
464
452
458
471
472
450
458
455
464
471
462
23
74
51
67
44
30
10
38
18
1166
76
36
32
74
6
74
53
72
55
45
12
729
877
877
718
721
712
723
1215
1214
1214
480
504
504
480
674
698
1116
1112
1112
1118
1118
1116
1096
1097
1113
1096
1097
1103
1075
1096
1082
1218
1070
1079
1074
930
714
679
1292
1321
1323
109
152
658
1291
1291
489
1323
1319
1325
1321
1319
1321
1323
1319
1323
720
1321
696
482
1295
486
714
1319
1319
562
339
710
1457
214
225
669
679
672
1322
1320
1328
1323
1321
695
662
716
136
411
1363
1133
1127
1133
1128
1126
1126
1129
1127
1132
1135
1132
1128
1355
1186
1035
1176
1054
1170
1047
990
1168
996
1340
1147
1149
1146
1144
1141
1140
1148
1124
1078
1115
1086
1049
1176
1170
1038
1049
1325
1324
1324
1056
1176
1205
742
744
742
747
174
147
162
168
1221
1222
1223
960
1253
975
954
956
1018
1017
961
1011
1471
642
339
280
258
180
1184
1245
1180
645
640
337
316
320
339
260
230
1249
524
411
93
185
397
508
386
510
424
445
1475
118
124
84
1475
1475
1475
1166
1185
856
1001
1010
1003
838
860
1329
1267
1329
1268
1268
1269
1329
1229
1274
910
912
914
1354
818
818
1344
916
910
918
818
1207
1330
1190
1208
1207
1207
1330
868
449
1034
1156
1156
1155
1172
1473
741
877
1359
1406
1471
996
1330
1193
1242
827
1207
1297
1208
867
831
830
1243
825
1257
620
618
624
625
1090
1090
1094
1066
1218
1218
1096
1096
14
1185
1265
1263
1263
1263
1259
1259
1263
1263
1466
1466
1470
1466
432
739
1200
1196
1200
1198
1198
1352
1302
1317
1301
1300
1050
1029
1153
1204
1204
1297
1297
964
1004
965
962
974
958
956
965
965
964
960
958
957
956
957
999
1000
1006
999
854
852
861
863
865
849
847
858
848
854
847
902
903
885
881
882
878
889
1053
68
156
177
537
512
1110
1112
1110
1096
1073
1100
1092
1116
1110
1120
1112
1218
1218
1302
1245
1247
1158
1452
1433
1451
1454
1435
1434
1454
1452
1451
1451
1433
1433
1444
1434
1434
1434
1334
1334
1243
1316
1196
1459
1459
1106
1162
1358
1150
1148
1359
1049
1200
1360
1201
1139
1202
1455
1455
1408
40
988
988
995
1204
860
849
860
862
1204
1330
1153
944
1134
1128
1126
1433
1467
1451
1445
1376
1374
1369
1420
1418
1419
1437
626
636
1208
1209
1166
1166
75
8
1160
1220
1220
473
460
478
452
465
947
1160
1253
1055
982
1334
1176
852
839
839
949
1272
1149
1350
1471
1144
1164
1162
950
1287
1354
1162
957
1253
1253
1016
1014
968
970
1138
1110
1112
1218
1158
1158
1153
1064
1107
1153
1029
1055
1204
1361
1108
1106
1104
1108
1148
1044
1041
1158
1008
1299
1300
1312
1135
1138
1135
1455
1148
851
1204
1164
1223
1144
1142
443
435
519
445
430
428
415
433
429
441
430
431
439
442
420
431
418
418
433
732
180
89
118
1346
1345
1346
1344
1355
1346
1346
1211
907
905
904
906
538
543
545
763
767
773
774
836
1243
872
869
1208
825
1482
1219
1455
1444
1445
1020
111
1026
1179
1446
1450
1467
1451
1452
1452
1451
1470
143
525
1407
1296
1217
1293
1295
494
321
4
1410
1409
1411
1424
1412
1413
1413
1408
1416
1414
1414
1408
1412
1424
1410
1418
1416
1404
1396
1405
1436
1416
1409
1415
1415
1414
1415
1428
1428
1439
1438
1443
1438
1438
1422
1428
1428
1438
1443
1415
1414
1412
1412
1432
1426
1411
1412
1438
1410
1424
1432
1432
1417
1418
1416
1418
1418
1435
1435
1413
1410
1408
1354
1332
1332
299
1184
1080
1227
1240
917
1040
881
789
1323
289
825
1294
861
1471
25
494
1109
1471
1299
887
1139
1237
767
1187
1168
1350
127
659
657
657
1344
125
1211
125
606
455
175
1025
1475
912
303
511
259
1470
902
1244
890
735
1105
900
273
190
659
503
297
11
854
1293
1225
785
391
293
175
1481
537
728
894
1200
955
1286
1079
953
962
1242
1109
379
901
623
1225
992
837
1225
1207
856
377
854
1282
869
29
1405
1470
1409
1407
1419
1477
1481
700
602
1257
1255
433
417
532
1245
759
1449
1449
102
183
110
126
85
84
564
1134
1129
1127
1201
1202
1201
1202
1202
1435
1398
1396
1394
1404
1263
1261
1260
1257
1261
1261
1265
1259
1267
1467
1259
1206
1467
768
764
798
796
764
810
1187
1469
489
1481
1133
1133
1128
1029
1078
1047
1028
565
579
565
713
1293
1292
1292
716
486
1292
1182
1471
1480
630
63
25
1168
55
32
455
1352
1353
1341
1336
1338
104
745
1210
1210
1338
1249
894
1465
1465
491
885
900
879
875
506
1336
818
659
492
914
251
363
103
820
376
1178
506
508
528
526
517
411
414
396
388
404
1187
137
1180
1304
1206
678
624
620
188
174
98
148
1026
502
720
1305
1210
1210
1466
504
754
1249
1241
341
295
1206
548
826
688
678
558
542
560
570
550
548
206
201
225
290
1241
208
1265
1259
1264
1260
1261
593
1473
1265
1259
1102
1124
1122
1156
1156
1160
506
1471
18
75
690
700
689
696
686
491
1179
1466
300
1207
294
223
1203
1203
1202
1202
1203
1287
675
719
1187
1187
485
490
1215
661
660
687
716
506
487
1215
1342
1216
108
99
99
144
170
1209
144
235
270
196
220
218
234
194
521
512
750
748
389
408
508
413
403
401
396
85
131
181
562
584
940
934
934
922
922
920
936
941
923
937
927
924
1185
1185
1209
952
477
453
33
38
42
53
1164
758
754
754
760
759
308
205
222
292
328
318
316
330
296
240
318
334
239
223
330
316
202
201
256
292
299
321
55
369
106
254
238
1295
1247
1245
593
1344
605
607
605
610
592
598
600
602
803
808
1474
1147
1142
1145
1140
1144
1253
1255
1200
1310
1291
1287
1310
1308
1149
1140
1143
1144
1142
453
1166
952
1177
1018
1325
1363
1361
206
224
334
213
236
1285
1339
1338
1342
1340
1342
1342
1336
1336
1342
1216
1338
1340
202
302
327
261
217
1435
1401
1436
1446
1436
1073
1071
1217
1344
698
357
776
1214
290
314
1344
1241
1243
619
623
619
617
835
1297
1297
1196
1196
1190
1190
1188
1190
1196
829
835
828
868
1243
1240
1241
1243
1190
1190
1297
1287
809
776
800
1342
1341
1341
745
1404
1404
1404
1398
1445
1436
1445
1257
276
1151
1152
268
245
241
244
206
206
237
274
251
199
257
215
194
278
260
204
252
287
232
203
265
1457
639
302
257
281
275
249
279
1444
1447
1449
1377
1368
1420
1405
1376
1332
1332
389
537
1247
1182
1465
674
704
667
1019
1026
1018
934
1319
926
926
939
645
241
225
211
1182
1249
1245
293
335
278
333
449
799
1331
1450
1431
1432
1359
1362
1362
1359
1356
1356
167
544
1209
14
587
1077
1096
1218
1108
1104
1107
1090
1092
1104
758
671
696
689
483
644
322
319
196
878
670
746
741
702
483
714
485
1278
1282
1284
152
564
143
1057
88
168
813
811
812
816
813
1172
1172
1100
1124
1115
1117
239
168
132
97
101
158
92
185
108
178
586
327
325
544
546
105
581
578
566
576
283
246
232
198
335
138
547
580
540
1329
1362
1359
1361
1361
1435
1128
1134
1126
1132
1134
1130
1131
1126
1130
1128
1126
1126
1134
1185
450
1469
635
1357
1358
1357
1356
1362
1361
1360
1360
1217
1214
1217
1214
879
881
888
367
712
122
139
123
160
170
554
1276
772
773
1096
1100
1103
1107
928
943
930
922
1457
1187
1293
1237
415
529
441
441
1237
734
740
1457
1467
1468
1239
1348
1239
726
616
1318
977
978
991
1231
1168
1319
977
981
979
996
995
981
1229
1231
1459
993
997
1168
1467
1426
1354
1354
1107
1480
1480
1480
1481
1481
1481
1449
1406
1407
1459
349
670
356
368
356
1179
368
721
407
508
176
485
506
490
706
364
342
504
370
1407
1406
1178
718
724
706
1362
644
211
569
563
561
83
392
164
182
89
568
1471
1172
1170
1034
1052
1035
1036
1219
1339
919
913
910
913
862
997
1008
1004
844
838
845
409
508
519
406
408
510
510
530
435
750
403
378
409
401
525
534
797
1223
1223
1252
1223
648
109
535
147
182
279
246
1443
1439
1415
1411
126
1417
1409
1431
1431
1431
1431
1431
1431
1411
1422
1412
1411
1222
1295
1294
1293
1294
1294
1296
1215
1164
1206
1206
1455
351
375
655
1328
358
683
823
824
386
714
695
1217
1239
1205
1205
366
1238
1462
537
530
529
87
141
1211
671
674
884
896
896
886
886
722
903
483
680
1215
713
498
684
681
656
1329
715
713
721
1314
1316
639
650
639
274
787
800
765
765
784
771
784
771
780
775
1112
1112
1092
1226
1224
1226
1224
1224
1227
1224
1225
1226
1227
1226
1226
22
15
31
1226
951
76
1227
1185
1428
1430
1431
1431
1417
603
608
603
604
603
612
581
538
587
576
1379
1381
1386
1374
1381
1373
1388
1384
1374
1386
1375
1375
1380
1406
1448
1370
1376
1382
1378
1372
1388
1383
1373
1377
879
276
1185
1245
1186
75
71
1030
1154
1337
792
1472
1456
1090
1100
1103
1094
1218
1218
1070
344
348
151
189
173
130
1304
350
377
351
354
371
279
277
694
344
370
1182
1184
1185
1180
1180
135
1186
1187
1186
340
1317
1317
1241
1297
1449
1450
1437
1435
1348
1177
1177
1176
1177
1177
1352
1133
1437
122
1220
1187
1206
1162
1297
189
1094
1055
1059
623
1057
986
1253
1144
1138
207
593
591
606
608
595
610
694
1179
1329
1458
1363
1362
1361
1363
1215
801
785
801
389
408
748
441
394
534
444
953
401
515
516
511
429
1477
378
752
520
120
138
136
91
92
106
163
98
414
517
393
169
393
629
29
1272
1270
1270
1270
1269
1269
1045
1058
1198
1312
1269
1287
553
1154
1044
1172
1032
1056
1230
1230
1230
982
1234
1229
1231
1230
1234
1234
1207
755
416
1257
1342
1340
469
472
70
9
61
38
53
68
75
479
1245
637
464
449
462
460
471
62
1168
55
69
66
54
36
14
61
6
34
18
31
72
9
37
65
73
454
707
708
498
505
1216
1216
506
485
1214
667
1112
1124
1122
1112
1115
1094
1084
1077
1067
1100
1071
1080
1076
681
148
646
1321
1323
1329
97
149
688
707
698
523
1319
1323
494
150
498
1325
1321
1321
1323
1323
1325
656
373
496
303
505
1322
1318
1321
700
704
199
284
306
715
297
1319
1328
707
1363
1363
1363
1366
1457
1133
1125
1133
1355
1126
1132
1133
1186
1186
1187
1186
1160
1031
1051
1042
1048
990
990
1323
1234
990
980
1170
1228
1210
1149
1148
1148
1140
1146
1142
1145
1144
1146
1144
1142
1140
1146
1073
1084
1069
1172
1170
1052
1170
1041
1053
1325
1172
1001
1000
852
959
1352
744
149
142
163
87
174
187
177
1475
1222
1222
1473
858
1012
974
963
1013
1015
642
258
331
207
242
1338
1339
124
1184
1180
331
308
304
218
652
321
220
205
228
200
226
1249
228
217
218
520
146
150
184
384
396
410
398
185
80
82
1476
1476
1476
1476
1477
82
1477
4
16
72
35
44
26
854
998
1004
999
1006
851
850
850
1269
1269
912
913
811
915
916
1344
918
918
813
1188
1330
1207
1208
1208
1459
1207
1205
1205
744
745
1206
875
1156
986
993
1243
834
825
874
875
1208
1190
830
1243
1242
827
836
1257
618
1104
1076
1103
1094
1092
1070
28
1433
1433
416
1297
