7391
1128
1353
1380
1380
1380
1380
1380
1380
1380
1381
1461
1476
332
1144
1353
1353
1353
1144
76
1014
1190
1190
1190
1459
1259
1259
1368
1368
1259
1424
1424
1424
284
284
287
1178
1353
975
831
975
975
1114
1114
976
976
976
831
1119
1119
831
834
834
834
834
835
835
835
835
836
836
836
836
837
1184
1184
1185
1185
1185
287
287
605
1
77
77
1262
1465
1323
1178
369
862
369
707
1279
369
707
707
370
370
370
370
371
371
371
372
708
708
708
708
709
709
709
1238
1415
1425
1416
1247
1247
1247
1416
1247
1247
1330
1331
1331
1247
1418
1419
1419
1255
1177
1235
1235
778
1409
1457
502
1111
822
1286
1363
1363
503
1259
1172
1184
1184
1456
1184
1453
1453
1409
605
1257
503
1208
1209
1209
1209
1209
778
1209
1236
1177
605
1469
635
636
1415
1415
1463
1463
1463
1265
1265
789
789
790
790
790
791
791
1449
1361
1142
1142
1412
950
951
837
1236
1422
605
605
1342
1342
1111
1255
837
1361
1
1
2
2
1219
2
2
1177
1216
1111
1111
3
1196
1216
1299
1299
976
977
1115
709
372
372
287
288
779
288
288
288
503
763
289
1156
1453
503
504
289
1216
1216
740
636
1119
1120
1342
1342
1368
822
822
837
838
838
839
1111
289
741
470
471
471
471
471
472
472
472
472
473
473
584
77
77
1144
78
1144
78
1145
1150
1425
1467
1426
1426
1426
1470
1426
1426
1426
1426
1455
1427
1455
1427
1222
1222
1222
673
673
673
1227
1469
1092
1092
1092
1092
1092
1092
1092
1092
1093
1093
1093
1094
1457
1457
1457
1457
1199
1267
1199
1199
1197
1199
1197
1267
1321
1321
1321
1376
1247
1247
1376
78
193
1412
1466
1465
1459
1416
1416
78
193
951
951
545
1307
1307
519
1466
1467
193
1128
1128
1223
1128
1128
1150
1151
1151
1004
1360
1331
1253
1151
1151
1128
1128
1128
1128
1229
1229
1325
1325
1229
1325
1128
1253
1253
1229
1229
1254
1223
1128
1223
1129
1130
1223
1325
1130
1130
1325
1325
1325
1328
1328
1223
1223
1130
1223
1223
1151
1287
1287
1130
1179
1179
1179
1168
1465
1179
1220
79
289
290
779
1185
1425
1445
741
1465
473
473
1168
3
1475
1471
79
193
1202
1259
710
519
546
520
710
1202
1197
1471
1480
1471
1475
474
584
839
1227
520
1179
1357
636
1063
1227
1179
3
1120
290
520
1473
1359
1299
1185
1239
194
3
1094
1480
79
332
194
977
546
520
80
1448
1227
1333
977
1307
977
504
1405
1267
1267
1342
1473
1333
711
741
964
194
964
1469
1467
1197
290
1267
1405
636
741
978
194
290
1222
1202
1361
1415
1237
916
916
916
1372
1376
80
80
80
1473
81
81
81
81
82
637
1172
1172
1172
1172
1004
1381
1381
1381
1382
1382
1383
1466
1265
1265
791
791
792
792
1094
1094
1094
1094
1094
1094
637
291
1435
863
863
863
863
1064
1064
547
1413
1413
1321
1112
1112
291
1475
1357
1357
1435
1053
605
605
605
605
4
4
4
5
5
5
5
1216
6
6
7
7
1094
1452
1209
1469
916
1124
1435
1338
82
82
1435
1435
1435
1064
1425
1185
1185
195
1226
82
1124
1453
1436
1308
1405
1473
1014
1262
1064
332
1222
547
547
1239
1015
83
83
83
83
84
84
84
85
1411
1065
1065
695
1145
1338
1338
423
521
1227
423
474
474
964
1199
1197
1015
864
673
674
674
674
864
195
195
195
1356
85
1356
196
197
423
424
1405
1383
916
916
917
917
1094
1094
1353
1383
372
373
373
1220
711
712
712
712
779
1177
1177
1177
7
1015
1016
1016
1016
1017
1017
1262
1263
1160
1405
1405
424
1196
1447
1017
1017
1018
1018
1018
1018
1019
1176
1065
1338
1436
1436
1308
1308
864
85
86
197
197
197
584
333
333
333
1160
334
584
334
334
334
1466
335
335
335
86
86
86
87
87
88
674
901
198
1202
1202
1202
1202
1471
1202
1202
1202
1203
1203
1239
1239
1239
1216
606
1216
1216
1217
1112
1112
1434
1434
606
7
8
8
8
8
9
1165
1165
1166
424
198
424
198
425
425
425
425
426
199
426
426
199
199
426
199
427
9
427
521
88
200
200
1410
1353
997
917
918
918
1094
918
918
918
1451
1413
1094
918
919
919
919
919
920
920
1094
1094
427
1319
742
742
742
742
743
743
1265
1259
1190
1190
1320
1259
1320
1321
743
743
744
744
744
745
606
883
427
201
201
1405
1436
1436
1436
1436
1436
1436
1436
1308
1309
1436
201
1124
1124
428
428
428
428
429
201
202
202
429
202
1480
1360
1004
1005
1360
1297
1360
373
1452
1065
1263
521
521
1263
548
1309
1124
429
1363
1306
1333
964
965
1267
1334
965
965
1334
1267
1267
1267
1267
1267
1267
965
1199
1199
1199
1197
1199
1420
1420
1095
1095
1095
1095
1096
1360
1361
1297
1005
1297
1297
203
942
942
1124
203
203
203
204
204
204
205
205
205
205
206
429
430
206
206
206
207
207
207
430
1362
1362
1362
1142
1142
1449
1449
1362
1417
1417
1418
1418
1418
1418
1418
585
88
89
901
675
1019
1227
1227
1227
1203
1203
1203
1166
431
207
431
431
1239
1239
1353
1239
1239
1353
208
606
1219
1219
1357
1279
1254
1255
884
884
884
763
1120
89
89
89
208
208
208
90
90
373
374
504
504
504
374
211
1019
1019
1020
431
431
431
1124
1020
1020
1162
1162
211
911
431
548
548
548
1405
1406
1406
1406
1185
90
91
1005
1199
91
91
1338
1383
1384
1384
1168
1168
374
374
375
92
92
92
92
93
93
93
93
94
432
675
902
902
864
1124
432
94
94
433
865
865
433
764
764
1006
637
638
638
638
639
639
639
639
640
640
640
641
641
641
1239
607
607
607
1459
1459
1460
1053
1053
1255
885
764
764
765
885
885
765
765
765
1309
1310
549
1310
902
94
97
97
97
902
675
1096
1096
1096
1096
1096
504
291
375
1203
1203
1203
1203
1203
1203
1434
1445
1446
1446
1428
1359
1359
474
695
477
695
1359
1145
1359
1449
1449
1359
1372
1372
1372
1127
966
966
966
211
1234
1209
1209
1357
1348
1428
1357
1348
1209
1209
1209
1209
1463
1357
1357
1229
1408
1408
1408
1408
504
1471
505
505
1471
505
1476
1476
1477
1253
1466
1376
1376
951
1323
1263
1263
522
522
522
336
1066
522
523
523
523
549
523
524
1185
524
1263
1323
1066
524
1124
1124
866
866
1451
336
336
337
97
98
98
866
867
292
1156
1112
1157
292
292
293
1168
1179
1180
1170
1120
1121
839
840
840
840
840
477
695
696
337
585
585
585
337
337
477
478
478
478
479
696
1338
1338
211
212
1356
1124
1125
1021
98
99
99
99
433
1130
1223
1328
1328
1328
1224
1328
1229
1130
1229
1229
1229
1224
1151
1229
1229
1229
1229
1230
1230
1224
1130
1130
1130
1292
1410
1410
1410
1310
1006
524
525
525
525
1263
99
525
1021
549
549
1176
586
1359
479
967
967
100
526
1066
526
1359
1465
479
696
1145
1359
526
550
1024
1024
1024
526
1323
1263
1185
1185
1185
1185
1185
1186
1186
1186
550
550
550
1024
1025
1066
553
1465
1157
293
1125
212
1096
1096
1096
1096
1096
1096
1096
1096
1096
1097
1097
1097
712
375
375
1342
1342
1342
1342
1342
1342
1342
9
9
10
10
10
11
11
11
1343
11
12
12
1426
1230
1363
1363
1224
1152
1152
1152
505
506
506
506
506
506
920
903
793
793
793
793
796
796
796
796
797
797
797
952
798
798
952
952
953
1362
798
798
799
799
799
799
800
800
1353
1239
1239
1239
1053
608
12
12
13
13
13
13
14
293
1455
1100
1100
1100
1280
376
376
376
376
1456
1220
377
527
100
527
527
527
528
1067
553
553
1311
528
1311
1311
1311
1239
1240
1240
1240
1241
1241
1241
100
433
1420
1334
1420
1297
1006
1257
1257
1237
800
528
1196
553
1112
967
100
943
554
885
1184
823
823
912
1475
293
1178
920
1100
1295
1100
1428
800
1152
1334
1422
1422
1266
998
767
767
1100
1100
1100
338
338
338
338
339
697
697
480
480
1353
1353
1467
1067
554
1432
339
480
481
1160
586
586
586
339
339
340
101
101
101
340
340
341
102
102
102
102
341
341
341
103
103
1053
14
14
14
294
294
294
1157
1291
294
1291
1291
295
1409
1408
377
295
295
1190
1357
1348
1348
1348
1348
1348
1349
1349
1350
1350
1350
1350
1350
1469
1454
481
1353
1436
1436
608
15
15
15
15
16
16
16
17
17
608
1054
608
609
609
609
610
18
18
18
1219
1219
1219
1219
18
21
21
21
21
22
22
22
610
1311
1067
555
555
1311
1311
1025
555
1067
713
713
377
378
378
378
379
379
1068
481
1068
1428
1428
1432
1069
529
1025
1069
587
1413
555
1410
556
1434
1428
1428
1428
1434
1323
1428
529
1069
212
212
1428
1428
1069
998
1461
641
642
642
642
642
643
1444
643
643
643
644
644
645
645
295
296
1157
1158
1158
1257
1209
1234
1428
1203
1350
745
745
745
746
713
713
379
1257
1217
1457
296
1413
296
1158
841
1287
1287
1287
1162
1287
103
103
104
104
104
104
1473
1292
1115
978
1115
978
978
979
979
979
1115
979
980
1115
213
213
433
433
213
213
214
1436
1436
1436
1437
1241
1241
22
1125
433
433
434
214
214
214
215
215
1125
587
587
105
342
342
342
587
105
105
1473
1473
106
1473
1054
1219
23
23
841
1121
1122
841
1456
1280
1280
1416
1281
1416
1281
1281
779
1406
1406
1180
1180
1180
1180
1180
1180
1180
1197
1300
1267
1447
1447
1447
1300
1464
1300
1447
1427
1464
1158
780
1162
1162
1237
1209
1210
1301
1268
1268
1268
1269
1269
1334
1334
1301
1199
1127
968
968
379
380
380
714
380
381
381
381
381
382
530
1384
1384
1385
1385
1386
1386
1386
1461
1461
342
343
481
343
482
482
1145
1353
1354
1354
1145
1145
1146
1146
1191
1424
1191
1191
1260
1260
1368
1368
1261
1261
1261
1424
1261
1369
296
297
297
297
1179
1354
841
980
981
981
981
981
1115
982
982
1115
982
982
983
983
842
1122
842
842
843
843
843
843
844
844
844
845
1186
298
780
610
23
530
675
676
1263
1426
1176
714
714
714
715
382
382
382
383
383
383
383
384
384
384
715
715
716
716
716
1221
1241
1354
645
1425
1247
1247
1247
1247
1248
1331
1425
1419
1255
781
1112
610
1255
943
943
716
298
298
767
1420
1184
1184
823
1453
1453
1266
1054
1210
506
1210
781
1210
1210
1210
1210
1210
1177
1281
645
781
1456
1464
1450
801
801
801
801
802
1006
1142
953
953
611
1054
1055
1055
1055
1055
1256
823
1292
1237
1422
611
611
612
612
612
1217
1343
1177
1299
24
1178
1257
845
1408
1193
1193
1195
1456
1369
1178
1216
1112
1112
1217
1172
983
986
1115
1115
986
986
986
385
385
385
782
298
782
299
299
767
299
1227
299
1408
507
507
300
746
1408
1122
1122
1122
1122
1369
824
824
824
825
825
825
845
300
1293
1293
746
944
482
482
588
483
483
483
483
483
483
483
106
1146
106
1146
1146
1146
1146
106
1427
1427
1427
1427
1457
1455
1427
1427
1186
1222
1222
1222
1222
1222
676
676
677
677
677
677
678
1100
1100
1100
1100
1100
1457
1457
1457
1458
1200
1200
1197
1198
1198
1322
1248
1332
1425
1248
588
1466
1451
1312
1416
1416
107
953
954
954
954
1312
1313
1070
1130
1130
1130
1130
1130
1131
1131
1131
1132
1224
1132
1132
1132
1132
1152
1152
1153
1153
1153
1153
1007
1332
1332
1255
1132
1224
1132
1224
1328
1328
1328
1328
1230
1230
1328
1224
1132
1153
1153
1224
1224
1224
1132
1132
1132
1132
1132
1328
1328
1328
1328
1132
1132
1154
1224
1224
1287
1287
1287
1132
1255
1359
1180
1444
1444
1444
1453
1180
1445
1170
1469
1241
1100
1446
1186
1200
385
1261
1477
1200
484
107
1449
717
747
1471
1070
1434
343
1343
1237
646
646
1055
1468
1446
1422
1025
107
1473
24
215
1186
1186
1241
1166
646
1100
1321
717
1413
1026
1263
1446
1354
24
717
215
1146
646
1170
216
1473
1323
1055
1406
24
1203
25
1180
216
1186
1186
1453
25
1301
1293
1313
1186
1269
1344
1446
1313
1473
300
1210
1200
1480
1469
1477
1198
556
1334
1406
1133
1377
1237
1142
1142
1377
1451
912
1432
920
484
484
697
1377
107
678
344
344
108
1473
108
108
109
109
647
647
647
1172
1172
1172
1172
944
1386
1387
1387
1387
1387
1388
1388
1388
1388
1389
1323
1295
1101
1101
1101
1101
1295
386
300
867
867
867
1413
1414
301
301
301
1475
1475
1357
1357
1241
1459
1466
1437
1056
612
613
613
613
613
25
25
26
26
26
26
27
27
1457
27
28
28
1102
920
920
1102
921
921
921
1454
1455
1210
921
1437
1437
1437
1437
1437
1363
1125
1186
1465
1465
1227
1186
1186
1186
1338
955
1170
1372
1373
1313
1414
1414
678
679
216
530
1263
1324
1177
591
344
344
434
1322
556
557
1241
1026
109
109
110
110
111
111
1227
968
485
434
434
1338
1366
1269
1227
1354
435
485
1319
1410
1302
1302
1302
679
1026
868
680
680
680
681
681
681
216
217
217
1222
1222
557
1389
1389
1389
1390
922
922
1102
1414
1459
1354
718
386
386
387
718
718
718
719
1467
1178
1178
1178
28
28
1463
1026
1027
1027
1027
1432
1027
1433
1028
1406
1125
1125
1125
217
1196
1196
1412
903
1028
1028
1029
1029
1029
1433
1029
1030
1030
557
1178
681
868
1338
111
218
218
1319
218
1226
682
345
345
345
345
111
112
112
868
903
219
1350
1203
1203
1204
1204
1204
1204
1204
1204
1204
1204
1204
1204
1282
1241
1056
1217
1471
1112
1112
1112
1056
614
29
29
1219
29
1166
1166
1166
1166
1166
435
435
435
436
436
436
439
439
439
439
440
440
440
440
1162
219
441
219
441
30
112
112
113
1477
441
441
219
1354
922
1102
1102
922
922
922
922
922
923
1007
1297
1414
923
923
924
924
924
1102
1102
1166
1166
1450
1450
747
747
1195
1195
1321
1261
1261
1261
1261
1261
1321
1195
1409
614
1170
747
912
913
748
748
748
749
749
749
1466
1219
1217
1217
1257
1217
1217
1257
1217
1030
30
998
998
886
768
768
220
441
1437
1437
1437
1437
1437
1437
1437
1437
1437
1438
1438
1313
1438
220
220
441
441
441
442
442
442
442
1007
1008
1008
1361
1297
1297
719
1221
1295
1071
530
531
557
558
1313
221
221
221
221
944
1269
1420
1200
1445
1445
1269
1334
1334
1269
1269
1269
1334
1269
1420
1334
1334
1334
1200
1334
1334
1334
1102
1102
1102
1102
1287
443
1162
1008
1361
1354
222
825
944
1237
945
945
947
1456
222
222
223
223
223
223
224
224
224
224
225
225
225
225
226
226
1338
226
226
227
227
227
227
228
1142
1142
1450
1362
1362
955
1142
1449
1362
1362
1418
1418
697
113
682
682
1241
1227
1205
1205
443
443
1166
443
443
228
443
443
228
444
444
1241
228
444
614
614
1219
1219
1354
1102
1445
1313
1255
1415
1255
886
886
886
887
887
887
887
888
888
888
768
768
769
888
889
889
113
868
682
30
719
719
387
507
507
903
387
1030
1031
1031
1177
558
1031
445
1226
1031
1032
1032
683
1226
1451
445
558
1071
1406
1447
113
869
869
114
869
948
302
1237
1237
1475
114
508
1390
1158
1158
1158
720
720
387
1221
904
229
114
115
115
1147
115
116
116
117
117
904
904
117
117
118
869
872
229
229
229
118
118
118
119
119
119
683
872
683
872
769
1008
647
648
648
648
648
649
649
649
649
650
650
650
650
651
651
651
1460
558
1466
1056
1057
1057
1481
769
889
889
890
890
890
1314
802
120
1426
445
445
120
120
872
230
445
1102
1102
1103
1103
1205
1205
1205
1205
1205
1205
1205
1447
1357
1147
1359
698
698
698
699
699
485
1359
1147
1147
1467
1449
1127
1127
1127
1127
968
1235
1210
1210
1210
1350
1350
1350
1235
1235
1210
1211
1211
1211
1350
1211
1358
1358
1235
1350
1235
1463
1211
1230
508
508
508
1477
1477
1377
559
531
531
531
559
591
559
1071
560
1071
1072
1125
230
230
1410
591
120
346
346
346
346
591
1158
302
302
1323
1323
1338
1170
1180
1180
845
1122
1122
846
846
846
592
592
592
347
347
592
593
699
1356
1438
1438
683
1032
1032
532
560
1314
121
121
230
231
1328
1329
1133
1133
1133
1329
1329
1009
1329
1133
1230
1230
1154
1230
1230
1230
1230
1230
1230
1231
1231
1133
1224
1133
1133
1133
1293
1293
1293
1410
1314
1410
1410
1410
532
1315
1361
1361
532
532
533
533
533
121
1263
1033
533
347
347
593
593
594
485
560
1324
534
1373
1373
1466
485
121
1449
1449
1033
1033
1186
1187
1187
1187
1072
560
561
1315
1033
1315
1034
1034
1034
1034
1452
1477
1408
445
231
1103
1103
1103
1103
1103
1104
1104
1104
720
720
388
1344
1344
1344
1344
30
31
31
31
1219
31
32
32
1344
1344
1344
1344
1344
1344
1344
1344
1426
1231
1231
1154
508
508
508
508
925
925
925
926
926
926
926
927
684
955
802
802
803
803
804
804
804
804
805
805
805
805
806
1142
955
806
806
806
956
1362
1362
1354
1241
1241
1242
1057
32
32
302
303
1104
1104
1104
1104
1104
1104
1104
1104
1104
388
388
389
389
389
534
534
122
122
122
122
535
535
535
535
535
684
231
232
1406
561
1242
1243
1243
1295
1455
1432
1432
1269
1257
1257
1434
615
782
1263
1321
948
535
303
1122
826
684
905
905
846
847
927
927
928
928
928
1035
561
1263
1416
1467
1422
890
999
891
891
891
770
770
1072
1104
1104
594
594
348
1161
348
595
485
485
485
1217
1354
1072
348
486
486
595
595
596
1161
1161
123
123
1339
123
123
124
124
124
125
699
700
348
596
125
596
125
125
126
33
1291
1291
304
304
1172
1412
1412
905
905
390
1412
1350
1350
1350
1350
1351
1469
1455
1354
1438
615
615
33
33
33
34
34
34
34
35
35
1147
1057
35
615
616
616
616
617
617
36
36
36
37
37
38
1219
38
38
38
39
39
39
39
40
617
40
1445
562
1073
562
1315
562
563
1410
563
563
1073
721
721
721
721
722
722
390
390
390
391
391
391
391
1221
392
392
392
393
1205
1035
1433
1035
1429
1125
1125
126
1074
1035
1074
1074
564
596
486
126
126
1147
564
1429
127
127
535
1075
1429
1429
1429
1429
1434
1434
1434
535
1227
1075
597
1429
1036
232
1036
1429
1435
349
127
1187
999
1000
1000
1000
1000
1001
1462
651
652
1444
652
652
652
653
653
653
1295
304
304
1158
305
305
305
1235
1358
1235
1339
913
913
750
750
750
750
751
751
722
722
1217
1158
306
306
1413
1166
1166
847
1115
1162
1162
1163
127
1339
128
128
128
128
129
129
129
129
1293
1293
1293
1471
1293
1293
987
987
987
987
988
988
1115
1115
41
1219
1125
445
445
232
232
41
130
130
1243
1243
1354
1354
1125
446
446
446
446
447
233
233
233
233
234
234
234
486
349
597
350
597
130
1473
1473
130
1057
873
1243
847
1416
1282
1416
1283
1283
1406
1180
1180
1170
1170
1449
1198
1269
1269
1269
1447
1269
1428
306
307
1475
1287
1163
1163
1451
782
1481
956
948
1211
1451
1200
1270
1198
1200
1200
1270
1127
969
393
723
723
393
393
394
394
1221
1104
535
535
1133
1243
1390
1390
1391
1391
1391
1392
1392
1392
1392
1393
1461
1461
131
487
1147
1147
1148
1354
1355
1424
1459
1370
1370
1370
1261
1370
1195
1195
1456
1261
1424
1424
1424
1424
1424
1424
307
307
307
308
308
1355
847
848
988
988
989
848
1122
1122
848
849
849
849
849
850
850
850
850
851
852
949
1187
1187
1187
1187
308
1173
41
131
597
234
509
308
723
723
724
394
394
395
395
395
724
725
1221
1358
1415
1248
1417
1249
1249
1249
1249
1249
1249
1332
1332
1332
1249
1249
1420
1420
1237
1409
509
509
1287
1287
949
783
913
892
892
1173
653
1184
1184
1454
956
1211
1257
949
1211
509
309
309
1158
1211
1211
1211
618
654
1416
654
654
654
1451
1249
1412
1332
1425
956
1332
1332
807
807
807
807
808
808
1009
1449
1362
1143
1143
1143
1144
957
957
1412
1266
1266
1453
1057
1057
852
852
826
1293
1237
1237
618
618
618
619
619
1217
1217
1211
852
1362
42
42
1220
1409
655
1112
1112
1197
1197
1321
1115
1115
1115
1116
1116
989
1220
725
395
396
396
396
1221
1221
309
783
510
1122
1179
1408
397
510
1468
310
1259
751
655
1173
1122
1370
1344
1370
1363
826
826
827
827
827
828
828
828
1454
853
783
310
784
784
310
784
1293
1339
1340
487
487
487
487
487
487
487
488
488
488
489
131
132
132
132
1148
1148
132
135
1148
1155
1222
1223
1223
685
685
685
685
1105
1458
1469
1458
1459
1200
1198
1270
1200
1200
1198
1335
1198
1448
1323
1465
1425
1249
1249
1249
598
135
535
1412
1465
1412
1459
1417
1417
1429
1378
957
958
958
565
565
447
1133
1133
1133
1134
1134
1134
1224
1134
1134
1134
1134
1155
1155
1155
1297
1361
1361
1297
1249
1134
1134
1134
1225
1134
1134
1134
1231
1231
1231
1231
1231
1329
1329
1329
1329
1329
1329
1329
1329
1231
1231
1134
1135
1135
1225
1135
1135
1225
1135
1135
1135
1225
1135
1135
1135
1135
1135
1329
1135
1225
1135
1330
1138
1180
1453
1466
1355
1477
1181
655
1413
310
1469
1122
311
1359
489
906
1291
1228
1205
1211
928
1406
1468
1148
350
489
726
235
42
1187
311
726
751
311
235
235
619
42
43
1075
726
236
726
853
1205
1358
136
43
1075
1475
1410
1195
489
1148
43
311
1468
1200
489
1453
447
136
1105
136
350
236
1148
136
1321
236
1187
1302
43
1407
236
1228
1270
137
1335
1158
853
1453
1205
1467
312
1206
447
1105
1413
1158
958
1378
1362
1158
1465
1036
929
1374
489
1355
1166
350
351
351
137
137
137
138
138
138
139
139
139
656
1297
1009
1010
1393
1393
1394
1394
1395
1396
1396
1397
1397
1397
1397
808
809
809
1144
1144
1105
1295
1105
1465
397
312
312
314
314
1438
1438
1438
873
873
873
874
874
874
875
1076
1414
1414
1414
1414
1414
1324
1414
1414
1414
1323
314
1475
315
315
1358
1470
619
620
620
620
44
44
44
1218
44
45
45
45
1455
929
1214
1214
1429
1438
1438
1228
139
140
140
140
140
1164
1340
1438
1187
1187
565
1355
1076
1187
566
1340
566
1125
566
1315
1170
686
1170
1263
1037
566
700
700
489
1253
1323
1243
1243
1433
1428
969
141
141
141
141
142
142
142
143
143
143
143
567
1149
1149
1366
535
1420
1166
1228
1228
1374
1355
447
447
490
969
1271
1271
1181
686
875
875
686
686
875
876
237
237
1356
1356
237
237
1226
1448
238
535
1398
1398
1399
1399
1399
1105
1106
929
929
1106
930
1467
1451
1355
397
398
398
727
398
398
401
727
727
728
728
728
728
729
729
1340
1178
567
567
567
1178
45
1037
1037
1037
1315
1038
1076
1433
1038
1407
1407
1459
238
238
239
239
447
1197
1447
1197
906
1038
1039
1077
1039
1077
1039
1039
1040
1040
1040
568
1438
1315
1316
949
1167
447
144
144
144
1340
239
239
240
240
240
240
1226
351
598
351
598
352
144
145
145
145
145
146
146
876
1206
1206
1206
1206
1206
1206
1206
1471
1206
1206
1206
1206
1206
1206
1218
1218
1112
1112
46
620
46
46
46
47
1457
621
1167
1167
1167
1168
1126
448
448
241
448
241
448
449
449
449
1126
449
241
449
242
449
47
47
449
1126
449
450
242
535
1411
1447
1106
1106
930
1106
930
930
931
931
931
931
932
932
1414
1469
1106
932
932
1106
933
1450
401
401
752
1471
752
752
753
753
753
1472
1472
1321
1261
1195
1195
1195
1409
1261
1409
1409
621
1218
754
754
754
754
755
1344
1220
621
1218
1218
1435
1001
1001
892
770
1319
242
1126
450
1407
1438
1438
1438
1439
1316
1316
1407
1439
1439
242
243
450
1471
1361
1010
729
401
402
729
1106
1461
1077
1078
1078
568
568
243
1307
1271
969
1200
1445
1420
1445
1445
1421
1374
1272
1336
1272
1272
1273
1273
1273
1273
1274
1274
970
1274
1336
1201
1336
1336
1201
1428
970
1106
1106
1319
1297
1010
1297
1361
1237
244
244
244
244
245
245
245
245
246
246
246
246
249
249
450
1126
451
249
250
451
809
1363
1363
1144
958
959
1144
810
1418
1418
1418
1418
490
490
490
598
491
147
906
907
687
687
907
687
1459
1078
1228
1207
1207
1463
1126
451
1319
250
452
1243
1243
453
251
1106
1445
1412
1413
893
893
771
893
893
894
894
894
895
895
895
895
896
771
771
251
700
688
251
47
510
510
402
510
1078
933
1040
1041
453
453
453
1041
1164
1290
1226
454
315
315
970
535
1407
147
316
1010
1461
1399
1400
1400
1401
1170
1170
730
402
402
730
403
688
688
689
689
251
252
147
148
148
148
149
149
149
150
150
454
689
150
907
907
876
252
252
252
253
253
454
1126
150
151
454
876
877
771
656
657
657
657
658
658
658
658
659
659
659
1243
1243
621
1057
1058
1058
1058
1256
1257
896
896
896
897
897
897
772
1316
151
151
1187
535
253
151
152
152
152
152
153
153
909
568
254
316
510
403
784
1207
1207
1207
1207
1207
1447
1447
1177
1177
1253
1429
1358
1358
1359
1359
1295
701
491
1149
1149
1149
1360
1360
1469
1374
1127
1127
1128
1128
1128
970
1358
1351
1358
1463
1214
1214
1214
1214
1214
1214
1214
1351
1351
1351
1351
1214
1358
1429
660
1231
1433
1461
785
510
510
511
785
785
1477
1253
1253
1378
1378
959
959
1451
1452
1079
1263
536
569
536
153
1079
569
536
537
1187
1264
1264
1080
1265
1188
1407
1324
569
1126
254
877
877
352
352
599
599
877
1481
898
1467
316
1113
316
317
1323
1181
1182
1170
853
854
854
491
352
353
353
599
599
600
600
353
600
701
491
491
701
491
492
492
701
702
1340
1340
255
1356
1356
255
1042
537
1080
600
702
1149
255
255
256
1225
1225
1138
1225
1138
1330
1225
1225
1138
1231
1232
1232
1138
1225
1138
1138
1138
1293
1293
1411
1317
1113
1298
1298
537
537
537
1042
1042
1043
154
154
537
537
569
570
1043
492
1325
537
1080
537
702
971
155
1360
1449
1325
1043
1044
537
1407
1188
1188
1188
1188
1188
1188
1080
1044
1044
1044
1045
570
570
1045
1081
1081
570
1158
1408
1126
455
256
256
256
1106
1106
1106
1106
1106
1107
1107
1107
1107
1295
730
730
731
731
403
48
1344
1345
1058
1345
1345
1346
1346
1346
1346
1346
48
48
48
49
49
1346
1346
1346
1346
1218
1346
49
49
50
50
1401
1426
1197
1232
1156
1156
511
511
512
512
933
933
934
934
512
689
690
810
810
810
811
811
811
811
812
812
812
812
813
960
960
960
960
813
813
813
814
814
814
772
1188
1188
1243
1243
1243
1243
1244
622
1340
1340
317
1439
1439
1439
1340
1107
404
404
404
405
406
537
537
1265
1265
155
156
156
1435
537
537
537
537
538
257
1407
1045
571
571
571
1317
571
878
1081
1244
1245
1295
156
1432
1432
1274
1421
1421
1421
1275
1275
1275
1422
1422
1257
1258
1059
814
601
1195
1409
1323
1216
1434
156
961
515
515
1259
1198
878
854
1173
934
935
935
1107
1429
1045
1081
1045
1045
1417
1232
1336
1422
1001
898
772
772
773
1108
1108
493
353
702
354
354
493
601
493
703
1218
1355
1317
601
354
1161
355
157
157
157
703
703
355
601
157
158
158
158
1059
1059
50
51
51
1158
1195
1457
1291
1291
317
317
785
1283
909
1408
406
318
318
1453
1358
1351
1351
1351
1351
1351
1351
1352
1352
1352
1352
1469
1455
493
1355
1355
1355
1439
622
623
623
51
51
52
623
624
624
1062
624
624
625
625
625
626
626
626
626
629
629
629
52
52
52
53
53
53
53
54
54
1220
54
55
55
55
55
56
56
56
56
59
59
1150
1226
1226
1082
1082
1082
1082
1317
1317
1317
572
572
573
573
1045
1083
731
732
732
732
732
733
406
406
733
407
407
407
407
408
408
1221
408
408
409
1207
1083
1045
1414
1429
1430
158
159
1045
1415
1415
573
1430
1430
1435
1430
1430
1430
1430
1430
1430
1084
1430
1084
573
1411
574
1085
1430
1430
878
455
1085
1461
257
257
1045
1045
1045
1430
1430
1435
1431
1431
1085
1045
1085
159
355
1002
660
660
661
661
661
661
662
662
662
662
663
663
1444
1295
318
1159
319
1159
319
1214
1235
1214
1439
755
914
755
755
756
756
914
733
409
734
409
319
1160
1160
319
320
1413
1413
1413
320
1160
1290
1164
1164
1164
1164
159
159
160
160
1293
1294
1294
989
1299
989
990
990
1116
1117
990
1117
1451
1126
456
257
258
160
1245
1355
1245
1126
1126
456
456
457
457
258
258
1366
602
355
160
161
356
602
356
602
494
494
1473
161
161
161
1473
1474
1474
1220
1245
854
1123
1123
1123
854
854
1416
1283
1416
1284
1285
1285
1416
1358
1407
1182
1182
1182
1453
1170
1170
1449
1182
1182
1182
1170
1303
1448
1275
1303
1304
1304
1448
1198
629
320
786
786
786
1160
1469
1164
1226
898
961
1451
1214
1448
1276
1336
1201
1304
1422
1304
1198
1201
1201
1336
1201
1374
971
971
971
972
409
410
410
410
1221
1221
410
411
59
1245
1401
1404
1404
1404
1404
1404
1404
1404
1461
1461
1471
1461
494
1150
1196
1196
1196
1196
1196
1424
1370
1409
1370
1371
320
321
786
1179
1179
1363
1363
990
1123
991
991
992
992
992
992
993
993
993
994
994
994
994
1123
1123
1123
1123
854
854
854
854
854
854
854
854
854
855
855
1188
1188
1188
1188
1188
1189
1189
321
60
162
162
704
603
734
734
734
411
411
411
412
735
735
735
735
1221
1221
1371
1355
1355
1178
1417
1249
1417
1425
1249
1249
1425
1417
1417
1417
1250
1250
1332
1252
1252
1252
1420
1420
1259
1409
1196
1457
1457
515
1113
899
914
914
899
321
1176
773
1176
828
1184
1454
1454
961
60
1214
1214
1214
1179
856
856
856
856
1179
1416
787
1218
663
663
664
1253
1464
1417
1332
815
815
815
1144
1144
1144
1267
1062
1062
1257
1257
1220
1220
60
60
1178
1237
1238
630
630
630
630
631
1218
1178
1299
321
1215
1420
1258
857
857
857
1218
1291
915
1425
1451
756
1113
1113
1218
1321
1447
1113
995
1299
1299
1117
1118
995
995
829
736
736
1221
787
787
787
322
516
788
322
322
1179
774
516
516
517
517
915
323
323
1178
1123
1371
1372
1409
829
829
829
1454
915
858
1179
1113
1294
756
757
495
495
603
495
495
496
496
496
497
497
497
498
498
498
499
499
499
500
500
1150
162
163
163
1427
1427
1427
1427
1455
1427
1427
1340
1223
1223
1223
1223
690
690
690
1108
1108
1108
1108
1201
1336
1198
1198
1305
1201
1481
1323
1425
1332
1332
1228
164
1228
1265
1412
1378
1459
1417
1417
1417
1417
1470
164
603
961
1411
1317
1411
1411
574
457
61
1138
1138
1138
1225
1138
1138
1138
1138
1138
1139
1139
1139
1140
1225
1140
1156
1156
1011
1011
1011
1298
1156
1140
1140
1140
1140
1140
1233
1233
1330
1330
1330
1330
1330
1225
1233
1233
1330
1330
1140
1140
1140
1140
1255
1225
1140
1140
1330
1140
1225
1255
1255
1156
1156
1156
1156
1156
1287
1287
1140
1140
1141
1453
1445
1445
457
1245
412
1346
1336
1182
325
1189
1108
1431
458
1201
1411
858
1468
61
574
736
1467
1424
1189
830
1360
1108
1295
1220
1447
164
1045
1045
1045
1449
165
1317
165
935
631
165
1228
1474
1182
458
603
259
1468
1189
1259
1189
1150
517
1189
259
166
1046
575
458
61
858
1415
1346
1108
356
458
166
1477
704
1128
1189
1196
995
1407
412
996
996
1336
736
357
1189
972
1346
1215
1201
1346
1305
858
538
859
1407
1198
61
962
1467
1141
962
1144
1476
1480
1086
935
1374
1375
500
501
704
1355
1168
1378
1378
166
166
167
167
167
167
878
664
664
664
1176
1176
1176
1176
1176
1298
1011
1012
1012
1012
1404
1404
1404
1404
1404
1404
1404
1404
1404
1467
1405
1325
1457
1108
1108
1108
1108
1108
1109
1295
1471
575
1477
666
666
667
325
413
325
325
879
879
879
1086
1415
1415
1415
1086
575
1415
1245
1459
1470
1062
62
62
1220
62
62
631
1455
1455
1439
1439
1439
168
1164
1340
1340
1439
1367
1189
1465
1465
576
1189
1189
1189
1226
576
1439
1171
1046
576
1182
259
538
168
1171
538
1265
576
603
603
603
603
357
357
357
358
358
1253
168
1245
1426
1325
1046
972
973
168
169
169
169
1228
577
1086
1426
1341
1341
1466
577
1168
1355
1336
459
459
1319
691
1201
1046
1047
691
692
879
880
692
692
259
260
260
459
1336
260
1405
1405
1405
1405
1405
936
1469
1405
1405
413
737
737
788
788
1178
577
1470
63
63
1047
1087
1047
1087
1047
577
1265
1459
460
1319
460
261
1197
1197
1176
1176
1197
1412
1048
1087
1253
1253
578
578
1317
1048
1048
1048
1088
578
579
1317
1439
1317
170
170
170
170
173
1342
173
261
261
261
262
262
262
262
603
603
1162
1162
358
358
603
359
359
359
359
173
173
174
880
910
1207
1207
1207
1207
1207
1207
1207
1208
1208
1208
1208
1208
1245
1245
1342
1218
632
632
63
63
64
64
1220
1168
1168
1168
1168
1168
460
263
263
460
461
461
461
461
462
263
462
462
263
264
462
463
264
264
264
463
463
463
64
539
174
265
265
1411
1356
1356
936
1452
936
936
937
937
938
938
938
938
1109
1109
1472
757
757
758
758
758
1261
1262
1196
1409
1321
1321
1410
1410
915
758
759
759
759
632
1220
1218
1258
1228
1435
1002
774
265
265
464
266
266
1407
1439
1442
1442
1442
1442
1443
1443
1443
1443
1317
1443
1443
266
464
464
267
267
1299
1012
1299
1361
1299
413
413
1221
1453
1088
539
1109
1317
465
465
1451
1336
1336
973
973
974
974
1201
1422
1422
1276
1276
1277
1277
1277
1278
1278
1201
1201
1201
1199
1337
1337
1337
1337
1278
1278
1422
1321
1109
1109
1109
1443
1443
1443
1164
1013
1013
1013
1013
1361
1299
1361
1375
267
950
950
267
268
268
268
268
269
269
269
269
270
270
270
271
271
271
271
272
272
272
272
273
1463
1126
465
273
273
273
274
274
1332
1363
1363
815
816
1144
962
816
1418
1418
360
705
1356
1245
1459
1049
1089
1049
1228
1228
1229
1208
1431
1208
1208
1208
1126
275
275
275
1245
1356
1356
465
466
275
466
632
1110
1445
1415
1255
1255
899
774
774
899
900
900
174
692
1342
64
910
414
414
1222
518
518
518
414
415
518
1168
1049
1089
1050
579
1126
466
467
276
1226
1050
1164
1164
1089
579
1090
580
1407
1408
1408
175
880
175
326
175
175
1171
1171
1172
1172
1172
1160
1160
415
737
737
738
276
176
176
176
176
177
177
177
178
178
910
467
467
693
693
178
911
880
881
881
276
277
277
277
467
178
693
882
693
1433
775
775
775
775
1299
667
667
668
668
668
668
669
669
669
670
670
670
670
1245
633
1467
1063
900
900
901
901
776
776
777
777
1317
1317
1317
1318
1189
1190
1190
539
1090
179
179
179
179
180
694
1408
1110
1110
415
415
416
519
1208
1208
1208
1208
1461
1253
1411
1360
501
705
501
502
1360
1150
1150
1463
1467
1469
1360
1450
1360
1128
974
1432
1215
1215
1215
1352
1235
1431
1215
1215
1215
1215
1215
1215
1352
1352
1463
1215
1215
1235
1466
1233
1433
1434
519
1477
1477
1477
1478
1478
1480
1379
962
963
1452
539
1050
540
540
540
1265
540
1090
360
603
180
580
580
581
1090
541
541
581
541
963
963
1265
1090
1090
1090
777
1126
277
882
882
883
180
363
180
181
181
883
1451
1160
1160
326
327
327
327
1323
1443
1182
1182
1182
1183
859
1123
1123
1123
860
860
860
363
603
603
363
364
603
604
705
502
1162
364
364
364
365
604
705
1110
1357
1357
1368
1357
1127
181
706
182
182
278
278
1330
1330
1141
1142
182
1156
1142
1233
1233
1233
1233
1233
1233
1142
1226
1142
1142
1294
1411
1411
1411
1411
1411
1411
1318
1113
1325
1325
1461
541
542
1050
1433
542
1051
1177
1177
365
1090
1090
1318
1360
1325
1325
542
1360
1466
706
706
706
182
183
1319
1051
1051
1190
1190
1190
1190
1190
1090
1190
581
1051
1319
1090
581
1052
1052
1052
1433
1090
1090
1090
1409
1409
1127
1127
1127
278
1110
1110
1110
1110
1110
1110
1110
1110
1110
1110
738
738
416
1346
1346
1347
1347
1347
1347
1348
1348
1348
1348
1348
1348
65
65
65
1348
1218
65
1348
1245
1233
1233
1233
1233
1156
939
939
939
939
940
940
911
694
911
883
816
816
817
817
817
817
818
818
818
818
819
819
819
963
1363
819
820
820
820
820
821
821
821
822
1190
278
1245
1356
1246
66
66
327
788
1443
1110
1467
1456
416
416
417
417
1222
1222
417
542
543
183
183
184
184
1426
543
543
544
544
544
279
279
1090
544
545
1246
1246
1246
1247
1247
184
1295
1296
1296
468
1432
1432
1338
1422
1379
1380
1299
1299
1447
1258
1259
1259
1259
1259
1434
671
1267
184
1238
1253
1233
1114
1363
185
417
328
328
974
328
1215
1287
759
830
279
940
941
941
941
942
942
1091
1265
1433
1463
1002
778
778
1003
1319
1110
1111
1111
365
366
1162
502
366
707
502
1218
366
604
604
605
502
1475
366
1162
605
185
185
185
186
186
186
186
187
367
605
367
187
367
1063
66
1291
1291
1291
1291
1291
1292
328
329
1196
1410
1286
1412
694
789
329
1160
329
329
1352
1352
1352
1215
1352
1352
1352
1352
1352
1352
1319
1168
502
1376
1443
1443
633
633
67
67
67
67
68
68
68
633
1356
1063
634
634
634
635
635
68
1220
69
69
70
70
70
70
71
71
71
71
72
72
72
73
73
74
635
1091
1091
582
582
1319
1319
582
582
1319
1052
738
739
739
739
740
418
418
418
419
419
419
419
420
1053
187
1127
1431
1431
1433
187
188
1053
1092
1092
605
1431
1431
583
188
583
1435
1431
1431
1431
1431
1435
1053
545
583
468
583
1431
1432
1432
1092
1092
279
280
468
1092
469
1432
1435
1092
1003
1003
1003
1004
1463
671
671
672
1444
672
672
672
1296
1297
1297
1297
1114
330
330
330
330
1216
1216
1432
1353
1216
1216
1235
1358
1342
916
916
760
760
760
761
761
761
762
762
762
763
763
420
421
421
1160
1160
331
1160
331
331
1413
1160
1123
1123
861
996
1455
1164
188
188
189
189
189
189
190
1474
1295
1295
1471
861
1118
997
997
1118
1118
1127
280
469
280
281
1443
1443
190
1247
1247
469
470
470
281
1127
470
281
281
282
282
282
1368
283
283
284
605
190
190
191
367
368
368
369
191
191
192
1474
1474
1474
1475
1475
192
1475
74
74
74
75
75
75
861
1123
1124
1124
1124
862
862
862
1286
1286
1183
1183
1172
1184
1184
1449
1184
1184
1172
1279
1448
1305
1305
1306
1465
1306
1290
1291
1164
1165
1319
1226
789
1216
1216
1338
1202
1202
1199
1199
1306
1279
1202
1338
1338
1202
1202
1376
975
421
422
422
422
422
423
75
1253
1253
502
1363
