7391
1135
1354
1382
1383
1400
1380
1393
1384
1404
1405
1461
1476
338
1148
1355
1355
1354
1149
150
1032
1190
1190
1190
1459
1259
1261
1371
1368
1259
1424
1424
1424
318
297
326
1179
1353
989
853
977
975
1116
1116
990
988
977
853
1123
1123
847
854
854
852
860
854
836
845
844
850
831
841
857
852
1186
1189
1188
1186
1190
301
325
625
53
144
169
1263
1465
1324
1179
409
862
410
724
1282
375
726
720
414
403
401
381
376
374
397
375
722
726
724
717
732
721
714
1245
1415
1425
1417
1247
1247
1250
1417
1249
1247
1332
1332
1332
1249
1419
1420
1420
1257
1178
1237
1235
783
1409
1457
518
1113
828
1287
1363
1363
504
1259
1172
1184
1184
1456
1184
1454
1453
1410
614
1257
516
1215
1214
1215
1210
1214
783
1209
1237
1178
605
1469
637
666
1415
1415
1463
1463
1463
1265
1265
800
802
807
811
799
789
799
1449
1362
1142
1142
1412
960
955
835
1237
1422
634
614
1348
1342
1113
1255
854
1363
48
30
46
39
1220
28
60
1178
1216
1113
1113
52
1197
1216
1299
1299
997
979
1115
732
407
413
290
307
779
331
293
289
504
763
301
1160
1453
506
516
299
1216
1216
762
640
1122
1124
1345
1343
1372
825
827
842
850
837
842
1111
287
748
491
502
474
490
486
502
498
473
483
473
485
599
145
191
1146
84
1146
149
1148
1154
1425
1467
1426
1427
1427
1470
1427
1427
1427
1427
1455
1426
1455
1427
1222
1223
1222
675
681
676
1227
1469
1102
1094
1104
1096
1092
1100
1107
1103
1102
1100
1093
1103
1457
1457
1457
1457
1201
1271
1200
1201
1198
1199
1198
1274
1323
1323
1321
1380
1250
1248
1378
76
212
1412
1466
1465
1459
1417
1417
156
233
951
956
572
1309
1317
536
1466
1467
219
1138
1142
1223
1140
1130
1153
1155
1156
1011
1361
1331
1255
1152
1152
1135
1133
1130
1134
1232
1231
1330
1328
1231
1328
1128
1255
1254
1229
1233
1255
1225
1138
1225
1134
1135
1223
1328
1138
1132
1325
1328
1330
1330
1328
1225
1223
1130
1223
1224
1154
1287
1287
1130
1180
1184
1180
1170
1465
1180
1222
161
328
330
786
1185
1425
1446
744
1466
502
492
1171
38
1475
1471
167
275
1202
1260
716
519
581
523
714
1202
1198
1471
1480
1471
1475
501
587
861
1227
521
1181
1357
663
1064
1229
1179
2
1123
309
531
1473
1359
1305
1185
1239
202
21
1105
1480
173
347
269
992
579
525
128
1449
1227
1333
980
1314
992
507
1407
1273
1278
1344
1473
1335
709
746
964
277
965
1469
1467
1198
330
1268
1406
669
742
992
198
316
1223
1202
1361
1416
1237
940
918
930
1374
1376
88
80
92
1473
86
102
92
151
90
667
1176
1176
1172
1172
1008
1397
1397
1397
1405
1383
1396
1466
1265
1267
804
801
810
810
1096
1094
1094
1094
1110
1106
652
325
1436
869
865
875
875
1078
1066
553
1415
1413
1323
1112
1112
302
1475
1358
1357
1437
1057
634
621
629
617
74
70
10
45
33
49
6
1216
34
32
22
62
1106
1452
1214
1469
929
1127
1443
1339
145
169
1436
1437
1443
1065
1426
1188
1188
246
1226
161
1126
1453
1443
1317
1405
1473
1050
1263
1090
367
1222
576
582
1241
1047
87
154
94
117
78
84
109
138
1412
1092
1088
697
1149
1338
1338
460
537
1228
466
474
479
971
1201
1198
1029
882
682
687
684
693
878
197
265
253
1356
119
1357
218
262
433
458
1405
1386
926
920
932
929
1094
1110
1355
1392
386
393
410
1221
723
739
719
717
779
1178
1177
1177
64
1045
1045
1018
1045
1053
1038
1263
1262
1161
1406
1407
436
1196
1447
1044
1046
1045
1021
1039
1044
1035
1177
1090
1340
1443
1436
1317
1311
863
87
118
269
251
262
591
357
355
363
1162
339
586
336
342
333
1466
360
365
363
177
140
149
77
182
156
689
902
280
1205
1208
1202
1203
1471
1205
1205
1208
1208
1206
1241
1239
1243
1217
608
1218
1217
1217
1112
1112
1434
1434
623
51
46
51
49
8
62
1166
1166
1168
433
271
458
214
425
466
465
431
442
228
459
449
226
226
443
212
433
24
429
536
136
206
206
1411
1354
1002
930
942
940
1110
931
931
931
1451
1413
1102
923
925
916
919
925
918
921
1106
1110
463
1319
748
745
760
755
753
757
1267
1261
1196
1196
1321
1261
1321
1321
756
762
744
759
750
750
613
893
469
201
257
1406
1443
1438
1437
1442
1437
1437
1443
1317
1319
1443
203
1124
1126
467
458
466
425
470
205
208
206
449
197
1480
1361
1013
1006
1360
1299
1361
422
1452
1066
1265
545
535
1263
570
1319
1126
464
1367
1306
1336
968
969
1273
1334
970
968
1333
1273
1276
1267
1274
1276
1269
973
1199
1199
1200
1197
1201
1422
1420
1110
1092
1104
1092
1100
1361
1361
1297
1011
1297
1297
268
942
949
1124
258
222
239
222
205
255
280
217
264
281
193
439
461
234
257
203
225
267
261
456
1362
1363
1362
1142
1142
1449
1449
1362
1418
1418
1418
1418
1418
1418
1418
593
159
179
910
680
1033
1228
1228
1227
1206
1207
1207
1166
428
224
453
444
1243
1241
1355
1241
1238
1355
196
607
1219
1219
1357
1285
1255
1254
896
893
894
775
1123
142
151
127
246
265
256
85
124
386
414
515
510
511
391
216
1029
1048
1020
447
462
465
1124
1026
1017
1164
1162
208
916
442
550
570
568
1406
1407
1406
1405
1185
190
120
1009
1201
176
110
1338
1389
1405
1389
1172
1170
417
383
411
158
80
129
156
186
144
107
138
170
432
685
902
911
876
1124
431
121
112
467
863
880
449
775
778
1009
657
661
639
668
645
653
649
654
668
672
654
651
652
646
1246
609
633
623
1460
1461
1460
1059
1054
1255
884
765
774
774
891
897
764
775
771
1313
1310
560
1316
907
132
146
117
179
907
688
1094
1096
1106
1092
1103
503
315
383
1203
1203
1208
1207
1205
1208
1434
1447
1447
1445
1428
1359
1359
489
705
494
697
1359
1145
1359
1449
1449
1359
1374
1372
1374
1128
975
967
971
282
1235
1209
1215
1357
1351
1428
1357
1352
1209
1211
1211
1214
1463
1358
1358
1229
1408
1408
1408
1408
516
1471
503
506
1471
505
1476
1476
1477
1253
1466
1378
1376
957
1323
1263
1265
524
533
537
332
1087
533
523
539
537
555
537
537
1186
535
1265
1325
1090
537
1125
1125
873
883
1451
348
359
356
114
79
131
880
876
289
1158
1112
1160
306
329
303
1172
1180
1180
1171
1123
1120
858
858
846
843
837
470
698
701
353
588
600
594
363
338
502
482
491
491
480
700
1342
1341
251
263
1356
1124
1124
1024
142
174
137
157
434
1141
1224
1329
1329
1330
1224
1329
1233
1133
1233
1233
1233
1224
1150
1230
1231
1230
1231
1230
1230
1223
1139
1135
1135
1293
1411
1411
1411
1308
1004
526
530
526
533
1262
167
524
1041
549
556
1176
585
1360
485
969
973
101
544
1063
528
1360
1466
474
703
1147
1359
531
560
1026
1052
1039
522
1323
1263
1189
1186
1189
1187
1188
1186
1189
1185
575
583
554
1015
1045
1090
557
1465
1158
306
1124
194
1108
1094
1102
1100
1094
1096
1100
1102
1094
1108
1100
1106
709
415
392
1348
1348
1346
1342
1342
1346
1346
22
55
51
24
31
2
3
18
1344
41
35
67
1426
1229
1368
1363
1224
1156
1156
1156
519
511
506
505
509
510
922
904
819
803
811
803
798
818
816
810
814
800
807
960
812
804
960
952
954
1362
797
821
791
805
821
816
817
815
1355
1239
1247
1240
1053
619
16
63
7
44
43
65
65
323
1455
1108
1110
1106
1286
416
393
385
383
1456
1220
374
528
99
543
525
527
538
1067
564
548
1313
540
1313
1317
1315
1243
1245
1245
1240
1241
1243
1241
185
433
1420
1336
1421
1299
1011
1258
1257
1237
801
535
1197
576
1114
965
116
950
578
894
1184
828
823
913
1475
293
1178
918
1109
1295
1105
1430
806
1156
1334
1424
1422
1265
1001
764
778
1101
1101
1109
347
352
336
345
364
704
702
482
482
1356
1355
1467
1066
572
1432
344
474
494
1162
595
602
584
367
341
358
148
81
150
336
355
343
101
188
162
83
342
341
341
104
127
1053
15
15
31
319
298
319
1158
1291
321
1291
1292
330
1409
1408
372
297
289
1196
1357
1352
1348
1350
1352
1350
1352
1348
1348
1348
1350
1352
1350
1469
1455
492
1353
1435
1435
608
75
27
5
8
74
49
47
43
45
614
1057
606
632
626
634
605
70
2
59
1220
1219
1220
1220
70
44
15
50
56
32
75
64
616
1315
1080
554
565
1319
1317
1051
565
1092
707
730
371
393
417
402
384
417
1085
500
1074
1431
1429
1432
1086
523
1019
1069
591
1413
567
1411
575
1434
1430
1429
1432
1435
1325
1431
538
1066
261
243
1430
1430
1081
999
1462
672
652
668
658
670
650
1444
666
637
646
639
645
656
642
317
288
1160
1160
1160
1257
1215
1235
1430
1202
1352
742
761
756
753
735
725
391
1257
1217
1457
290
1413
319
1160
834
1287
1287
1291
1164
1287
159
137
181
168
180
139
1473
1295
1115
987
1118
988
991
993
989
996
1115
977
982
1114
213
213
453
431
213
213
233
1436
1436
1438
1439
1242
1241
9
1126
464
439
467
216
204
232
244
234
1126
601
598
182
357
364
354
592
105
104
1473
1473
113
1473
1063
1219
25
18
834
1123
1124
842
1456
1281
1281
1416
1279
1416
1285
1280
781
1407
1408
1180
1183
1182
1184
1180
1182
1179
1198
1304
1270
1447
1448
1448
1303
1464
1306
1448
1427
1464
1158
784
1164
1162
1236
1214
1211
1302
1267
1269
1279
1277
1279
1334
1338
1305
1200
1128
966
969
379
380
402
735
389
373
412
394
376
404
527
1382
1404
1381
1404
1387
1404
1392
1461
1461
333
340
497
338
478
497
1148
1355
1354
1354
1147
1150
1147
1146
1190
1424
1196
1196
1261
1261
1368
1369
1259
1261
1259
1424
1262
1371
329
326
319
300
1179
1354
852
994
975
987
991
982
1117
978
986
1114
987
978
981
997
853
1122
861
851
835
839
846
848
858
831
854
856
1190
298
783
618
10
519
675
677
1263
1425
1176
718
718
718
721
383
412
404
418
392
415
403
394
413
380
712
708
723
722
733
1221
1241
1356
652
1425
1249
1249
1252
1249
1247
1330
1425
1419
1256
784
1112
620
1257
948
944
730
298
302
770
1419
1184
1184
822
1453
1454
1266
1056
1214
504
1215
779
1210
1210
1210
1214
1210
1178
1283
641
781
1457
1464
1450
791
801
804
791
789
1010
1142
959
955
605
1053
1053
1062
1057
1055
1255
826
1292
1237
1422
618
619
607
629
610
1218
1342
1178
1299
65
1178
1259
847
1408
1195
1195
1195
1456
1369
1177
1216
1113
1112
1217
1172
988
979
1115
1115
979
995
978
387
409
385
787
284
789
304
289
763
284
1228
301
1409
506
508
298
758
1409
1122
1124
1123
1123
1370
830
824
822
825
825
822
849
296
1294
1293
760
950
483
473
597
487
477
484
495
493
486
499
125
1147
143
1145
1148
1146
1146
153
1427
1427
1426
1427
1457
1455
1427
1426
1187
1223
1222
1222
1222
1223
675
680
679
674
683
674
678
1096
1104
1092
1100
1100
1457
1457
1457
1459
1201
1201
1197
1197
1199
1322
1253
1332
1425
1253
603
1466
1452
1311
1416
1416
163
956
961
953
961
1313
1311
1080
1138
1138
1134
1132
1128
1140
1138
1128
1135
1223
1130
1140
1130
1133
1153
1156
1155
1155
1151
1155
1013
1331
1331
1253
1140
1225
1142
1225
1325
1330
1330
1328
1232
1231
1328
1225
1134
1156
1156
1224
1225
1225
1138
1132
1140
1134
1130
1325
1329
1330
1325
1134
1132
1152
1225
1223
1287
1287
1287
1132
1255
1359
1182
1445
1445
1445
1453
1180
1445
1170
1469
1241
1103
1446
1187
1200
369
1260
1477
1200
496
118
1450
710
746
1471
1079
1434
342
1346
1238
650
661
1056
1468
1446
1422
1035
161
1473
33
256
1189
1187
1239
1167
654
1107
1321
716
1414
1037
1262
1447
1355
23
713
271
1144
669
1171
278
1473
1323
1056
1407
67
1204
38
1179
279
1187
1187
1453
25
1300
1292
1316
1185
1270
1343
1446
1312
1473
307
1211
1200
1480
1469
1477
1198
569
1337
1407
1135
1377
1238
1143
1143
1377
1451
914
1433
930
489
487
705
1378
102
686
353
350
92
1473
187
103
78
127
663
671
657
1176
1176
1173
1172
943
1405
1385
1398
1405
1386
1404
1405
1388
1404
1394
1325
1295
1104
1094
1101
1094
1297
396
325
879
877
867
1414
1414
318
320
287
1475
1475
1357
1358
1243
1459
1466
1438
1058
615
614
623
629
630
21
68
3
35
16
1
14
60
1457
72
54
39
1104
918
916
1109
934
918
921
1455
1454
1211
927
1436
1443
1443
1442
1437
1363
1125
1185
1465
1465
1228
1188
1186
1187
1338
956
1170
1373
1372
1319
1414
1415
686
673
279
541
1263
1323
1177
603
355
346
460
1323
573
555
1241
1045
98
145
97
131
86
141
1228
970
477
460
434
1338
1366
1267
1228
1354
441
489
1319
1410
1303
1305
1301
692
1034
872
682
691
690
684
689
689
262
218
211
1222
1222
580
1399
1381
1381
1395
924
922
1108
1414
1459
1353
721
396
394
389
711
728
723
740
1467
1177
1177
1178
7
2
1463
1024
1045
1045
1033
1433
1027
1433
1047
1405
1126
1126
1125
195
1197
1196
1412
901
1028
1048
1043
1028
1046
1433
1030
1029
1038
553
1177
678
877
1338
111
267
278
1319
203
1226
673
369
353
352
351
167
98
132
868
906
282
1351
1204
1203
1204
1203
1206
1207
1208
1206
1208
1207
1203
1206
1280
1239
1062
1217
1471
1112
1112
1112
1057
622
61
24
1220
42
1166
1166
1166
1168
1166
461
456
445
461
465
454
464
449
447
443
449
440
445
449
1162
229
435
201
430
60
177
175
173
1477
424
432
227
1354
920
1110
1093
924
920
935
922
922
928
1007
1298
1413
917
923
921
921
920
1108
1102
1166
1168
1450
1450
751
751
1195
1195
1321
1261
1261
1261
1261
1261
1321
1196
1409
613
1172
759
912
912
754
754
758
753
755
759
1466
1219
1218
1218
1258
1218
1218
1257
1217
1018
22
998
1000
898
775
772
265
447
1436
1435
1439
1443
1438
1436
1438
1437
1443
1436
1438
1317
1439
222
223
429
463
424
459
427
427
433
1009
1012
1010
1361
1297
1297
713
1220
1295
1074
535
542
563
571
1317
235
215
237
220
943
1269
1420
1200
1445
1445
1270
1336
1334
1269
1269
1268
1338
1269
1422
1338
1336
1334
1199
1334
1334
1336
1111
1109
1102
1096
1287
445
1162
1004
1361
1353
204
828
944
1235
948
947
949
1456
225
253
218
220
216
229
263
282
283
270
273
225
223
231
231
227
1340
276
212
237
206
268
279
239
1142
1142
1450
1362
1362
958
1142
1449
1362
1362
1418
1418
706
176
678
680
1243
1228
1207
1207
426
426
1166
435
443
259
441
458
225
441
441
1240
221
446
611
609
1219
1219
1353
1110
1445
1317
1255
1415
1255
884
891
886
900
885
889
890
898
894
888
764
774
769
900
886
896
183
883
682
26
734
734
393
515
508
902
412
1027
1024
1017
1177
573
1044
443
1226
1034
1050
1049
677
1226
1451
436
568
1091
1406
1447
124
883
873
149
873
944
287
1237
1236
1475
111
511
1405
1157
1158
1156
739
733
371
1222
909
255
119
94
104
1150
146
184
166
184
121
905
902
139
139
151
874
874
263
268
245
174
97
157
89
162
164
688
878
693
878
768
1011
657
641
640
659
636
670
649
659
653
670
650
648
667
661
649
670
1459
581
1466
1063
1063
1062
1481
769
899
897
888
888
890
1315
819
158
1426
454
447
116
109
875
237
446
1104
1102
1102
1107
1208
1203
1205
1208
1205
1208
1204
1447
1358
1147
1360
699
695
695
695
704
481
1359
1145
1145
1467
1449
1127
1127
1127
1128
967
1235
1216
1209
1209
1352
1349
1351
1235
1235
1209
1209
1215
1210
1352
1214
1358
1357
1235
1350
1234
1463
1215
1233
504
509
503
1477
1477
1376
576
535
537
522
559
594
574
1089
577
1089
1082
1125
214
208
1411
602
160
344
348
350
365
587
1160
322
329
1323
1321
1342
1170
1180
1183
854
1119
1119
846
848
841
599
603
600
366
360
596
591
699
1357
1436
1439
684
1016
1036
540
562
1316
113
141
235
241
1330
1329
1133
1132
1131
1329
1329
1005
1329
1133
1233
1233
1150
1230
1230
1230
1233
1230
1231
1233
1229
1135
1224
1141
1131
1134
1293
1293
1293
1410
1314
1411
1411
1410
536
1308
1361
1360
526
520
539
537
543
129
1263
1015
542
348
364
603
603
603
485
550
1325
521
1374
1372
1466
497
123
1449
1449
1019
1025
1188
1184
1187
1188
1085
546
578
1310
1029
1317
1019
1017
1052
1042
1452
1477
1408
452
233
1097
1108
1105
1096
1102
1104
1104
1108
720
730
415
1344
1344
1342
1342
5
7
18
72
1219
9
14
67
1348
1346
1348
1347
1346
1344
1345
1344
1426
1230
1229
1156
508
508
519
508
919
934
926
932
919
936
938
938
681
952
806
796
816
802
813
790
805
790
792
811
790
817
791
1144
950
800
813
820
962
1361
1362
1355
1246
1239
1242
1058
43
71
315
315
1108
1106
1106
1102
1106
1109
1106
1100
1100
416
395
379
372
392
540
541
141
109
93
186
522
539
541
535
520
686
243
232
1407
577
1243
1245
1245
1295
1455
1432
1432
1267
1257
1257
1434
615
788
1263
1321
942
524
296
1120
825
687
903
903
848
840
941
929
939
939
934
1052
574
1263
1416
1467
1422
893
1001
895
895
901
771
769
1084
1095
1103
584
594
356
1162
359
595
482
499
498
1217
1353
1081
342
500
493
586
591
603
1160
1160
168
128
1340
160
142
78
80
187
101
698
704
358
588
148
604
108
151
83
10
1291
1291
299
317
1173
1412
1412
905
904
369
1412
1352
1351
1351
1350
1348
1469
1455
1356
1437
630
621
6
64
34
38
47
31
4
42
9
1150
1053
16
607
626
615
621
620
610
70
11
55
40
62
68
1219
54
11
36
71
46
50
62
3
619
40
1444
560
1082
558
1317
570
567
1410
565
559
1069
738
720
728
707
729
738
408
406
408
373
421
415
395
1221
377
370
410
408
1205
1034
1432
1043
1429
1125
1126
117
1090
1019
1071
1085
562
597
495
156
182
1144
550
1430
94
180
544
1084
1429
1428
1431
1431
1435
1435
1434
538
1227
1076
587
1432
1047
219
1025
1431
1435
345
165
1189
1002
998
1003
1002
1003
1000
1463
660
653
1444
648
646
644
647
643
638
1297
292
328
1160
288
321
310
1235
1358
1234
1340
914
913
740
761
758
761
741
747
735
729
1217
1157
304
327
1413
1167
1165
837
1117
1162
1164
1164
192
1338
169
136
190
166
114
144
126
130
1294
1293
1293
1471
1295
1293
994
992
981
989
983
989
1115
1118
53
1220
1127
433
431
233
232
74
122
190
1247
1241
1356
1355
1126
440
431
449
451
448
264
254
193
242
266
223
252
484
345
598
345
592
86
1473
1473
93
1054
863
1245
854
1416
1283
1416
1282
1280
1408
1180
1181
1170
1168
1449
1198
1267
1268
1271
1447
1267
1428
311
327
1475
1290
1163
1164
1451
781
1481
960
943
1211
1451
1202
1277
1197
1202
1200
1273
1127
966
398
715
733
391
389
374
419
1221
1095
529
525
1133
1244
1380
1392
1391
1404
1380
1404
1404
1388
1400
1381
1461
1461
122
492
1149
1148
1144
1354
1354
1424
1459
1369
1371
1370
1259
1370
1191
1190
1456
1261
1424
1424
1424
1424
1424
1424
331
291
328
320
312
1353
854
854
996
976
983
857
1122
1123
843
845
857
859
847
860
839
834
840
844
854
945
1189
1185
1186
1185
295
1176
53
157
605
200
507
307
736
709
727
407
401
378
411
398
726
729
1221
1357
1415
1247
1417
1249
1249
1249
1247
1253
1247
1332
1332
1332
1249
1247
1418
1420
1237
1409
504
518
1287
1286
944
786
915
891
892
1172
643
1184
1184
1454
953
1214
1257
948
1214
504
300
310
1160
1210
1210
1210
620
641
1415
641
639
651
1451
1248
1412
1332
1425
963
1332
1332
792
802
807
801
802
805
1008
1449
1361
1144
1144
1144
1142
955
951
1412
1265
1266
1453
1058
1055
854
852
826
1293
1237
1237
622
613
613
635
626
1218
1218
1214
834
1362
53
32
1220
1409
668
1111
1113
1197
1197
1321
1115
1115
1115
1115
1115
993
1220
730
413
411
385
387
1221
1221
304
787
504
1121
1179
1408
416
510
1468
306
1259
751
646
1172
1122
1370
1344
1370
1363
829
826
827
824
829
824
823
823
1453
831
785
311
788
788
296
784
1294
1339
1340
478
489
495
496
487
471
485
493
471
499
473
106
127
79
79
1149
1149
125
180
1148
1151
1223
1222
1222
677
677
683
675
1104
1458
1469
1458
1458
1201
1198
1271
1200
1199
1198
1334
1197
1448
1323
1465
1425
1249
1249
1247
593
99
535
1412
1465
1412
1459
1417
1416
1430
1377
956
953
963
577
561
425
1132
1128
1133
1142
1138
1130
1226
1130
1133
1130
1140
1153
1153
1153
1299
1360
1360
1297
1248
1141
1138
1138
1223
1134
1138
1128
1229
1229
1229
1231
1229
1328
1329
1328
1330
1325
1328
1330
1329
1229
1229
1130
1140
1132
1225
1132
1128
1224
1138
1138
1139
1225
1128
1139
1130
1132
1132
1325
1140
1225
1134
1328
1140
1181
1453
1465
1355
1477
1179
669
1413
331
1469
1123
305
1359
502
903
1291
1227
1202
1211
937
1407
1468
1144
349
484
708
215
23
1184
315
714
744
330
277
237
606
48
12
1064
714
277
712
853
1204
1357
173
22
1072
1475
1411
1191
501
1146
14
322
1468
1200
500
1453
444
159
1107
185
338
273
1148
126
1320
278
1187
1300
8
1407
275
1227
1278
118
1335
1159
845
1453
1204
1467
328
1204
450
1093
1413
1159
959
1377
1363
1157
1465
1030
930
1375
502
1355
1166
343
359
366
108
81
187
97
103
105
160
113
106
663
1297
1008
1010
1383
1401
1404
1401
1399
1397
1383
1396
1404
1404
1405
806
812
814
1144
1142
1096
1295
1096
1465
384
295
304
321
321
1437
1437
1436
881
877
873
877
881
867
879
1076
1414
1414
1414
1415
1414
1324
1414
1414
1414
1322
288
1475
296
311
1358
1470
630
610
615
624
35
61
29
1216
14
28
30
42
1455
916
1216
1216
1430
1438
1438
1227
131
82
85
130
112
1165
1340
1438
1190
1186
548
1354
1073
1188
568
1340
557
1126
553
1317
1168
681
1168
1264
1050
555
703
696
491
1253
1321
1243
1239
1433
1428
966
155
160
120
109
143
81
139
104
106
136
88
558
1149
1147
1366
532
1421
1168
1227
1227
1374
1354
449
451
472
967
1269
1267
1182
687
864
882
685
676
878
882
238
236
1356
1356
245
224
1226
1447
195
527
1387
1401
1393
1393
1391
1095
1109
927
920
1105
929
1467
1451
1353
413
381
394
736
401
407
382
710
711
735
737
708
728
717
737
1342
1177
567
567
557
1178
71
1045
1045
1043
1315
1045
1085
1433
1032
1405
1406
1459
214
259
229
236
448
1197
1447
1197
906
1042
1033
1090
1027
1075
1028
1045
1049
1017
1051
547
1436
1315
1319
945
1167
462
107
99
97
1340
269
270
236
207
240
240
1226
351
605
367
603
368
130
158
173
91
93
174
152
866
1206
1203
1205
1206
1206
1206
1202
1471
1203
1202
1207
1205
1202
1204
1217
1218
1112
1112
47
619
45
24
28
66
1457
606
1168
1168
1166
1166
1126
457
429
228
462
201
433
431
436
459
1126
425
258
467
274
469
26
66
428
1125
446
450
249
532
1410
1447
1106
1110
922
1100
941
928
942
931
933
928
922
928
1414
1469
1110
925
916
1108
916
1450
419
369
757
1471
747
743
755
760
751
1472
1472
1321
1261
1196
1196
1195
1409
1259
1410
1409
611
1216
748
755
747
756
752
1347
1219
617
1218
1218
1434
1003
1001
885
770
1319
205
1125
433
1406
1438
1435
1436
1443
1313
1317
1407
1439
1437
202
252
439
1471
1361
1006
716
422
376
715
1094
1461
1071
1075
1065
578
560
268
1307
1276
971
1199
1445
1422
1445
1445
1420
1373
1275
1334
1269
1275
1275
1278
1277
1272
1269
1270
970
1269
1336
1201
1336
1334
1199
1428
965
1092
1110
1319
1299
1012
1297
1361
1237
221
250
234
200
235
217
207
201
251
198
228
278
207
229
450
1124
441
266
261
424
796
1362
1363
1144
958
958
1144
816
1417
1418
1418
1417
490
488
495
585
501
115
910
910
674
676
903
682
1459
1079
1228
1203
1207
1463
1125
468
1319
202
447
1243
1243
423
211
1108
1445
1413
1412
893
886
777
887
889
889
890
895
896
897
901
886
898
773
772
227
697
683
255
28
510
505
418
506
1087
920
1050
1053
457
453
434
1041
1162
1287
1226
460
294
302
964
540
1406
189
293
1007
1461
1387
1390
1389
1385
1170
1170
719
373
395
722
385
693
685
688
694
244
281
176
148
119
102
107
111
103
77
152
470
694
91
907
905
864
238
231
256
283
197
453
1126
158
175
445
864
880
771
647
638
659
651
651
638
645
658
660
664
647
1239
1239
617
1059
1059
1057
1054
1255
1256
899
892
895
899
889
899
765
1311
168
163
1185
537
228
162
159
181
191
161
178
167
911
566
241
305
507
370
782
1203
1208
1208
1206
1207
1447
1445
1177
1177
1253
1430
1358
1358
1360
1360
1296
699
472
1150
1147
1145
1360
1360
1469
1372
1128
1127
1128
1127
1127
969
1358
1349
1358
1463
1211
1216
1209
1209
1211
1209
1209
1352
1352
1350
1352
1215
1358
1428
662
1230
1433
1461
780
518
512
509
778
778
1477
1253
1253
1378
1376
963
961
1451
1451
1092
1263
535
581
535
170
1071
548
544
535
1186
1265
1264
1082
1265
1186
1406
1325
559
1125
246
863
869
346
344
596
596
874
1481
887
1467
302
1113
308
314
1323
1182
1180
1170
844
846
849
488
346
335
350
605
592
601
599
332
602
702
490
471
703
494
493
479
702
699
1339
1341
260
1356
1356
215
1040
534
1083
593
701
1150
259
194
221
1224
1224
1131
1224
1134
1329
1224
1225
1128
1230
1233
1233
1138
1224
1135
1133
1133
1293
1293
1410
1318
1112
1297
1299
523
530
528
1038
1036
1039
129
150
538
535
545
579
1051
472
1324
525
1074
537
700
968
78
1360
1449
1323
1037
1039
537
1407
1188
1189
1190
1189
1185
1190
1090
1030
1026
1040
1049
549
564
1045
1090
1068
548
1158
1408
1124
446
224
219
208
1095
1097
1110
1096
1104
1094
1106
1096
1106
1295
731
731
729
727
404
55
1348
1346
1057
1346
1344
1346
1342
1344
1342
1342
50
65
12
37
38
1345
1347
1347
1348
1217
1346
71
48
73
46
1391
1426
1196
1231
1156
1152
517
517
512
507
922
940
919
917
510
694
692
796
809
812
822
793
797
807
798
814
813
800
818
952
951
962
962
820
809
811
815
808
814
768
1189
1185
1239
1239
1239
1243
1244
612
1338
1340
303
1436
1439
1437
1340
1105
398
409
407
378
375
533
544
1265
1265
164
88
84
1434
524
531
532
530
537
272
1405
1052
566
581
568
1316
571
876
1080
1241
1247
1297
177
1432
1432
1267
1420
1421
1420
1267
1269
1267
1420
1421
1258
1259
1055
797
597
1195
1409
1321
1216
1434
90
953
508
510
1259
1199
872
836
1176
937
933
941
1110
1428
1037
1086
1034
1014
1416
1229
1334
1422
1004
887
774
771
767
1107
1107
485
339
706
358
357
471
586
477
705
1217
1353
1312
585
332
1161
337
178
164
166
696
696
337
604
100
112
103
99
1055
1058
27
23
27
1160
1195
1457
1291
1291
308
312
782
1286
907
1408
414
314
307
1453
1357
1351
1350
1348
1351
1350
1350
1352
1351
1348
1351
1469
1455
489
1356
1353
1354
1442
618
632
635
8
25
43
605
633
620
1055
624
624
625
605
610
616
631
605
608
630
612
624
29
52
52
18
47
21
5
12
30
1220
44
5
17
68
67
42
66
74
56
69
1
1147
1226
1226
1092
1092
1089
1092
1317
1307
1319
549
580
555
566
1053
1080
734
734
736
713
708
707
403
372
716
384
379
390
378
382
396
1221
370
379
377
1207
1068
1021
1414
1429
1431
121
117
1042
1413
1415
553
1429
1431
1435
1428
1428
1431
1429
1432
1431
1090
1432
1067
549
1411
570
1065
1429
1430
864
426
1072
1461
263
252
1025
1032
1036
1429
1428
1434
1431
1428
1081
1026
1067
89
337
1001
658
654
655
637
642
635
648
650
653
655
648
645
1444
1295
310
1158
309
1160
290
1214
1235
1211
1438
742
914
749
743
745
752
915
737
374
725
406
294
1158
1158
308
322
1413
1413
1413
316
1157
1287
1164
1162
1164
1163
136
132
147
143
1293
1293
1294
996
1299
979
983
981
1115
1118
982
1117
1451
1127
443
281
274
125
1239
1356
1245
1124
1126
443
447
468
427
216
214
1368
603
335
112
189
364
584
354
592
480
480
1473
184
100
86
1473
1474
1474
1220
1243
843
1123
1122
1122
838
836
1416
1283
1416
1281
1283
1279
1416
1357
1408
1182
1180
1182
1453
1170
1168
1449
1182
1182
1182
1170
1302
1448
1278
1304
1301
1304
1448
1197
609
317
788
789
784
1158
1469
1164
1226
884
957
1451
1211
1447
1275
1333
1200
1306
1422
1304
1197
1199
1202
1334
1202
1373
974
974
974
970
390
382
381
377
1222
1221
398
391
26
1245
1390
1404
1404
1380
1388
1390
1386
1380
1461
1461
1471
1461
486
1150
1193
1190
1195
1195
1195
1424
1370
1409
1368
1368
308
305
782
1179
1178
1363
1363
978
1122
988
976
995
995
977
982
986
975
976
976
986
981
990
1121
1123
1120
1119
854
855
854
862
854
856
840
841
841
855
839
1185
1189
1188
1188
1188
1186
1186
291
60
188
181
697
584
722
721
718
388
375
405
417
715
726
719
738
1221
1221
1368
1355
1353
1178
1417
1247
1417
1425
1249
1249
1425
1417
1417
1417
1249
1247
1332
1249
1252
1252
1420
1420
1259
1409
1195
1457
1457
512
1113
892
912
915
883
300
1176
765
1172
828
1184
1454
1454
958
51
1210
1215
1210
1179
850
856
858
856
1179
1416
782
1218
672
636
636
1248
1464
1416
1332
804
805
815
1144
1144
1142
1266
1062
1055
1257
1255
1220
1220
39
15
1178
1237
1237
612
626
616
606
611
1218
1178
1299
299
1210
1420
1257
854
862
862
1217
1291
916
1425
1451
749
1111
1111
1218
1321
1447
1114
980
1299
1299
1115
1115
995
987
830
728
732
1221
787
787
785
327
505
780
292
293
1179
764
506
508
510
518
911
294
316
1178
1120
1370
1370
1409
829
829
827
1453
915
835
1178
1112
1292
763
758
491
479
597
478
502
498
489
481
487
489
496
487
472
486
488
487
483
481
481
1146
122
120
123
1427
1426
1426
1427
1455
1427
1426
1342
1223
1222
1222
1222
673
674
683
1104
1108
1102
1104
1201
1336
1197
1198
1302
1200
1481
1323
1425
1332
1332
1228
83
1228
1263
1412
1378
1459
1417
1417
1417
1416
1470
152
598
954
1410
1313
1410
1410
569
434
34
1130
1135
1135
1225
1134
1140
1140
1140
1132
1132
1128
1138
1140
1225
1140
1152
1153
1005
1012
1004
1297
1151
1133
1135
1142
1130
1134
1232
1233
1329
1328
1328
1328
1328
1224
1232
1229
1328
1330
1134
1132
1142
1140
1253
1223
1138
1128
1325
1132
1225
1253
1255
1154
1151
1151
1151
1152
1287
1287
1134
1130
1132
1453
1444
1444
440
1243
410
1343
1337
1179
310
1187
1111
1429
444
1200
1411
849
1468
61
583
713
1467
1422
1189
826
1359
1097
1296
1219
1446
144
1040
1016
1016
1448
188
1307
140
939
625
124
1227
1474
1179
454
595
276
1468
1187
1259
1189
1146
509
1187
271
128
1020
579
442
4
849
1413
1344
1103
334
448
132
1477
706
1127
1187
1191
990
1407
380
990
994
1337
712
347
1187
964
1346
1214
1200
1344
1300
845
521
859
1407
1198
25
961
1467
1133
954
1143
1476
1480
1087
918
1376
1376
483
487
707
1353
1168
1376
1378
90
155
93
106
114
82
880
663
671
671
1172
1176
1173
1176
1172
1297
1006
1010
1008
1013
1404
1399
1398
1380
1392
1394
1404
1388
1399
1467
1386
1323
1456
1100
1096
1104
1102
1096
1104
1296
1471
577
1477
662
660
662
320
402
294
311
879
867
869
1078
1415
1415
1415
1076
550
1414
1241
1459
1470
1057
39
21
1219
11
33
631
1455
1454
1436
1438
1443
123
1163
1338
1340
1437
1363
1187
1465
1465
583
1190
1185
1188
1226
563
1443
1168
1031
546
1182
219
543
82
1170
545
1265
582
599
603
603
601
351
353
365
367
359
1253
187
1241
1426
1323
1031
972
973
153
85
105
115
1228
576
1090
1426
1338
1340
1466
557
1166
1354
1336
447
442
1319
686
1201
1020
1018
692
692
866
875
691
693
242
264
205
447
1336
253
1389
1387
1384
1384
1384
922
1469
1380
1390
395
719
739
779
785
1177
575
1470
11
52
1047
1091
1014
1082
1018
571
1263
1459
423
1319
454
264
1196
1197
1172
1173
1196
1411
1048
1090
1253
1253
547
562
1308
1030
1046
1051
1070
571
573
1317
1439
1313
94
92
100
135
147
1338
189
194
266
236
262
244
249
240
585
603
1161
1162
341
356
603
334
333
335
350
98
179
138
866
906
1205
1203
1205
1207
1203
1205
1205
1206
1202
1204
1206
1207
1243
1243
1339
1218
618
633
3
4
55
54
1219
1166
1168
1166
1165
1168
445
257
244
424
445
457
445
461
431
224
463
463
241
260
435
469
203
251
211
445
448
429
41
532
91
204
227
1411
1353
1353
924
1453
933
935
936
933
932
927
923
916
1108
1100
1472
741
754
757
752
754
1261
1261
1193
1409
1321
1321
1409
1409
913
762
749
750
759
629
1219
1218
1257
1227
1435
998
776
197
199
439
257
226
1406
1439
1438
1435
1437
1439
1443
1437
1435
1438
1308
1439
1436
238
426
440
195
220
1297
1012
1299
1361
1297
373
376
1220
1452
1088
521
1110
1309
443
465
1451
1338
1336
965
972
964
968
1202
1422
1420
1274
1274
1269
1272
1272
1269
1267
1200
1199
1201
1199
1334
1337
1336
1336
1267
1269
1422
1320
1108
1096
1106
1439
1439
1439
1164
1007
1013
1005
1006
1361
1299
1360
1375
267
949
949
267
211
207
193
250
234
272
269
280
254
221
212
199
281
194
226
199
272
195
230
256
1461
1127
441
193
273
273
271
284
1331
1362
1363
815
818
1144
962
820
1418
1418
334
706
1356
1245
1459
1035
1064
1033
1227
1228
1227
1203
1428
1207
1207
1204
1126
215
260
223
1245
1354
1355
450
428
275
441
635
1110
1445
1415
1255
1255
885
767
773
885
890
900
140
685
1340
13
901
388
416
1221
515
510
502
411
387
508
1168
1032
1075
1045
573
1125
457
441
242
1226
1025
1162
1162
1064
558
1069
558
1405
1406
1407
137
879
185
291
80
108
1172
1170
1172
1170
1171
1158
1156
401
732
737
731
270
143
176
191
102
168
77
120
82
125
905
455
470
690
673
83
911
868
876
868
272
230
249
230
427
178
681
872
690
1433
768
777
777
772
1298
672
658
643
661
664
662
667
643
644
640
642
642
647
1245
631
1467
1054
888
887
896
900
767
776
765
767
1315
1307
1309
1315
1190
1190
1185
542
1070
186
118
135
170
147
689
1405
1106
1102
371
406
408
503
1206
1206
1208
1203
1461
1253
1410
1360
485
695
483
491
1359
1145
1145
1463
1467
1469
1359
1449
1359
1127
974
1432
1209
1210
1209
1351
1235
1428
1214
1211
1211
1216
1209
1216
1351
1352
1463
1215
1215
1235
1466
1233
1434
1433
517
1477
1477
1477
1478
1478
1480
1378
955
959
1452
541
1044
537
535
535
1263
535
1090
343
603
170
561
582
556
1073
520
537
580
537
963
957
1265
1090
1090
1083
772
1125
217
869
867
865
145
348
130
115
137
872
1451
1158
1160
320
329
292
316
1323
1439
1183
1180
1182
1180
836
1122
1122
1123
837
850
860
366
603
600
357
355
605
605
700
483
1161
340
347
366
340
598
702
1109
1356
1356
1363
1357
1127
192
701
186
190
275
230
1329
1330
1128
1135
178
1156
1133
1230
1231
1230
1231
1230
1231
1129
1224
1140
1135
1293
1411
1410
1411
1410
1410
1411
1318
1112
1325
1325
1459
534
530
1031
1432
537
1035
1176
1177
346
1067
1075
1318
1360
1325
1324
520
1359
1465
705
700
698
89
183
1314
1031
1024
1186
1186
1188
1186
1190
1086
1189
556
1040
1310
1077
561
1037
1015
1045
1433
1078
1072
1090
1408
1408
1125
1127
1124
239
1110
1096
1094
1092
1094
1092
1100
1106
1100
1104
720
727
397
1344
1342
1344
1344
1346
1348
1342
1344
1346
1346
1342
1344
37
29
31
1346
1217
75
1346
1246
1233
1229
1231
1231
1156
936
926
938
926
936
938
909
690
904
868
821
817
799
809
808
798
799
793
806
810
808
819
813
951
1362
793
812
818
820
796
793
819
798
817
1186
277
1239
1354
1247
63
61
314
785
1439
1108
1467
1456
406
402
372
397
1221
1221
386
542
535
175
165
121
141
1426
535
529
534
539
527
279
239
1072
526
522
1245
1241
1246
1245
1243
126
1295
1295
1295
468
1432
1432
1336
1422
1379
1379
1298
1298
1446
1257
1259
1258
1259
1257
1434
639
1266
123
1237
1253
1233
1111
1363
165
387
295
287
972
300
1210
1287
763
823
259
935
932
917
920
939
935
1086
1263
1433
1463
998
770
768
1003
1311
1105
1103
1101
339
334
1162
483
352
701
490
1216
351
600
601
604
485
1475
349
1160
586
150
152
166
110
180
100
189
77
368
587
339
188
337
1057
13
1291
1291
1291
1291
1291
1291
327
288
1196
1410
1286
1412
679
786
299
1158
312
290
1350
1350
1350
1215
1352
1353
1351
1352
1350
1350
1319
1167
485
1372
1438
1437
621
633
59
36
7
12
75
49
73
612
1355
1056
605
605
632
632
605
56
1219
41
69
45
56
13
33
63
13
17
9
34
68
26
36
44
59
608
1069
1065
563
569
1311
1311
582
547
1317
1048
738
712
723
709
736
382
390
421
419
390
419
388
370
1027
140
1126
1429
1431
1433
107
153
1045
1091
1081
604
1429
1430
569
182
566
1435
1431
1431
1430
1429
1435
1046
531
574
455
583
1430
1429
1430
1071
1077
245
198
435
1078
428
1431
1435
1077
1000
999
997
1000
1463
664
656
664
1444
636
655
649
1295
1295
1295
1295
1112
309
295
325
323
1215
1215
1428
1350
1208
1215
1235
1358
1338
914
913
742
750
745
747
746
741
756
745
743
741
743
420
418
422
1158
1158
317
1160
318
297
1413
1158
1122
1123
847
994
1455
1164
128
129
185
89
184
126
179
1474
1293
1293
1471
861
1115
993
986
1116
1118
1125
276
430
245
199
1438
1442
122
1245
1245
462
451
456
252
1127
423
265
246
258
255
242
1366
240
261
232
596
157
175
183
344
352
358
354
154
111
81
1474
1474
1474
1475
1475
113
1475
30
1
72
63
64
48
843
1123
1122
1122
1122
835
838
840
1284
1281
1184
1180
1170
1179
1180
1449
1184
1182
1170
1269
1447
1299
1306
1301
1465
1305
1290
1290
1164
1164
1319
1226
786
1214
1214
1334
1201
1199
1198
1198
1302
1267
1201
1334
1334
1199
1201
1374
971
421
420
422
409
381
423
32
1247
1249
487
1363
